100
5
1 2 3 4 5
3
3 5 6
2
5 6
2
5 5
15
701244 327278 295508 679167 852190 587253 350874 80682 763445 475316 600562 632463 91356 574068 313398
15
667918 764756 130812 684237 106007 902311 458608 863418 576576 617636 825160 922347 877286 147929 246931
8
691064 41588 790820 999519 592134 129452 688261 723032
10
11587 569191 886954 5342 637576 397587 244114 444617 765759 289711
3
69326 221703 158921
3
453959 504041 89518
14
205193 156450 805510 730136 117137 390396 815714 363260 672181 764759 170710 68439 25807 652906
5
435350 223838 684422 983092 49018
12
147658 966787 582893 870627 186140 915828 927603 643346 797411 536705 754917 944841
5
488519 308789 218663 831173 801424
8
898 8828 7075 4430 1086 7536 3074 3061
12
234 258 2022 716 8201 9355 9295 1403 6659 5972 6860 14063
4
469 2424 2566 683
3
621 6834 6367
3
5651 2294 7909
9
5365 668 4311 9842 354 7145 6772 1044 218
11
7646 8413 3973 8276 6348 1979 1439 1961 2776 2125 5887
2
88 1410
8
99 7833 577 2942 2677 1377 5989 4020
8
7808 574 5440 9693 5411 8257 9373 15836
10
8505 3939 4316 4823 7561 6251 2699 7631 8253 7882
15
5793 7477 1480 4056 1382 9577 8200 9070 1199 1783 9553 5740 3594 2314 5256
11
8717 3835 7672 3880 6313 286 2777 5076 5967 852 10887
3
673 770 419
11
5970 2483 1329 7565 9868 3588 7226 7254 8303 1674 2140
7
5641 6827 8180 9164 9714 8660 13500
9
7681 418 7995 4804 4644 2919 381 9487 4979
9
5247 3395 9924 7674 6834 3832 3756 1077 251
3
4898 3112 7946
13
3899 9296 7373 3928 376 4804 1851 3462 3945 9585 2414 9921 9288
13
3886 2061 9333 5049 9145 7514 1040 2410 2563 8415 4950 9572 2731
5
7864 6938 8168 4091 5553
8
1391 1839 9862 124 6182 9567 3083 5576
12
664 9959 8638 889 145 7546 4475 602 8450 6329 486 12335
13
9098 8343 6763 7620 519 1752 417 5285 3130 4131 4647 1255 8112
10
4308 9575 2299 6845 2785 8409 4759 297 4337 3714
3
3176 7049 2660
10
2011 1105 9109 2103 363 2705 4907 5607 3907 10845
7
3423 2540 3822 3233 2504 2359 309
8
8860 6390 699 5806 3568 9212 1360 93
3
4825 1868 3991
3
6492 5518 3282
7
179 3993 6670 8910 1295 5987 7628
11
9958 572 6999 7788 3775 2065 2940 470 7082 4479 2107
5
882 731 3129 7610 4138
2
1982 9966
6
2018 8680 6246 8590 6934 1268
12
489 1613 5194 7025 981 1537 2622 8087 5966 3543 7698 7273
11
1751 9597 6877 726 6668 5229 8523 9772 7770 995 12062
9
6037 1537 4652 1904 6389 6389 5712 9573 14333
8
457 747 3254 3532 8175 291 1883 7119
8
4471 9058 7946 6067 5492 7775 8605 2812
15
1506 2819 3930 1302 1086 9214 7141 3142 7739 8636 7937 8326 5224 3172 11458
4
1981 8104 9638 15795
3
4276 2614 6786
4
9794 8782 8879 9891
14
5939 366 6623 2088 7902 197 7358 810 427 6575 4355 7275 9818 13587
7
3140 6467 7924 5188 1157 1402 7752
6
471 4601 8102 9500 2474 9022
15
7549 1704 4567 3181 3213 7916 1546 1548 8649 2464 792 6499 3315 1063 11982
5
6646 5306 4850 1317 6811
3
3867 8159 4292
9
5009 6571 7274 653 4271 9899 8795 2846 2972
4
4246 1559 2849 7584
7
3917 931 3623 6954 8675 9370 7322
9
5580 5859 1512 6077 5349 7425 7153 9802 9509
5
6703 6351 632 9559 9679
3
5155 516 5671
5
2565 4934 9358 7554 8271
14
9122 2750 5894 5618 1267 7210 3511 2226 7541 7337 6292 6066 1576 4446
7
4371 5395 7586 5823 6508 147 5858
14
3978 1976 4625 6644 3093 8421 2790 9315 9468 7401 4037 3816 65 7685
15
1126 1296 8132 2225 6412 7146 8644 622 23 1176 9440 9508 6856 9965 4527
5
6022 9155 7074 6170 14333
8
3326 6538 7278 9815 5016 461 4993 11929
10
4168 657 3243 9427 5880 7107 5827 5990 2739 15500
3
525 6516 7033
4
8583 4864 5770 9229
4
4250 2310 8719 15251
10
2673 9576 7070 2576 8233 9061 7691 6406 5992 3728
14
1059 601 4628 2526 2425 6288 2292 6339 1743 9310 3160 4406 6082 13395
3
5079 2903 6272
7
2363 8998 388 3022 4069 1141 11207
15
2255 3947 8996 8261 5967 5459 8097 3837 9710 4942 1102 1581 9059 7713 7684
10
9351 606 2016 5135 7015 7010 6785 8429 9644 6102
3
958 2614 2440
13
880 1980 4146 4317 8508 7263 9680 5993 5108 3784 4783 3194 5768
14
2871 8332 8606 3963 1553 827 2982 9519 4239 6058 5286 802 2788 3546
3
4419 2617 3177
12
3033 5394 9062 7986 247 1141 538 4529 2884 1304 7258 10160
12
2258 2125 8453 6446 5603 7066 9903 9817 6777 797 2821 9306
5
4713 1229 2472 2932 5240
11
7246 6392 6590 6628 7048 205 4863 7025 3941 426 6376
3
3008 3581 1597
14
9670 5153 3219 7312 6706 3577 4166 7312 928 6309 9090 7759 7772 621
7
4133 2156 918 3812 8001 6420 4974
