3
2
0 1 3
1 2 3
3
2
0 1 3
0 2 3
3
3
0 1 3
0 2 3
1 0 3
7
4
0 2 1
0 1 1
2 3 1
1 3 1
12
15
0 1 1
1 2 2
2 3 3
2 4 2
3 4 2
4 0 2
1 5 1
5 6 2
6 7 3
8 5 5
7 8 4
7 9 2
9 10 3
10 11 3
11 9 3
70
249
0 1 41
0 3 0
0 5 78
0 6 62
1 0 5
1 2 45
2 1 27
2 3 36
2 5 2
3 0 82
3 2 18
3 4 95
3 6 71
4 0 69
4 1 67
4 5 94
5 1 33
5 3 41
5 6 53
6 0 47
6 1 62
6 7 41
7 8 29
7 9 16
7 11 42
7 12 6
7 13 42
8 7 48
8 9 46
8 11 29
8 12 50
8 13 1
9 8 29
9 10 23
9 11 54
9 12 40
9 13 76
10 8 44
10 11 26
11 7 18
11 8 29
11 12 15
12 7 4
12 8 77
12 9 73
12 10 21
12 13 24
13 7 70
13 12 86
13 14 90
14 15 61
14 16 55
14 19 31
14 20 50
15 14 41
15 16 24
15 17 30
16 17 87
17 16 21
17 18 88
17 19 46
17 20 30
18 15 0
18 17 55
18 19 10
19 14 37
19 15 83
19 18 50
19 20 91
20 14 74
20 15 96
20 17 99
20 18 84
20 21 34
21 22 53
21 24 38
21 25 88
22 21 93
22 23 48
22 27 17
23 22 9
23 24 16
23 27 49
24 22 98
24 25 24
24 26 44
25 22 95
25 26 43
26 22 3
26 23 0
26 24 18
26 25 96
26 27 98
27 23 9
27 25 22
27 26 92
27 28 38
28 29 79
28 30 57
28 31 91
28 33 56
29 28 34
29 30 72
29 32 46
29 33 86
30 31 42
30 32 16
30 34 22
31 32 57
31 33 92
32 29 0
32 30 3
32 33 61
32 34 1
33 31 85
33 32 85
33 34 88
34 28 17
34 30 32
34 32 21
34 35 76
35 36 29
35 37 92
35 40 49
36 35 45
36 37 60
36 38 53
37 35 87
37 38 49
37 40 49
38 37 86
38 39 5
38 40 82
39 35 14
39 37 71
39 38 63
39 40 13
40 37 8
40 38 45
40 41 56
41 36 46
41 37 81
41 38 96
41 39 29
41 42 35
42 43 50
42 45 44
42 47 39
43 42 54
43 44 10
43 47 13
43 48 22
44 42 18
44 45 5
44 46 91
44 47 25
45 42 14
45 43 34
45 44 72
45 46 59
45 48 87
46 43 77
46 45 63
46 47 68
46 48 85
47 42 80
47 45 99
47 48 25
48 43 23
48 44 61
48 47 5
48 49 93
49 50 25
49 52 42
49 53 86
49 54 0
50 49 13
50 51 74
50 52 70
51 49 96
51 52 85
51 53 40
51 54 95
51 55 19
52 50 94
52 51 2
52 53 71
52 54 78
53 50 18
53 51 19
53 52 0
53 54 87
53 55 26
54 49 57
54 50 15
54 51 27
54 53 64
54 55 9
55 49 86
55 53 25
55 56 29
56 57 28
56 59 2
56 60 23
56 61 37
57 58 25
57 59 60
57 60 16
57 61 26
58 59 47
58 61 90
58 62 88
59 57 51
59 58 29
59 60 0
59 62 78
60 59 58
60 61 39
61 56 57
61 57 77
61 58 13
61 62 50
62 56 28
62 58 5
62 59 11
62 60 35
62 61 72
62 63 50
63 64 23
63 66 16
63 67 57
63 68 57
64 65 69
64 67 22
64 69 17
65 63 85
65 66 23
66 64 96
66 67 53
66 68 84
66 69 54
67 63 57
67 65 63
67 68 83
68 65 75
68 66 23
68 67 54
68 69 11
69 68 26
70
222
0 3 0
0 5 78
0 6 62
1 0 5
2 1 27
2 3 91
2 4 2
2 6 82
3 1 18
3 5 71
3 6 69
4 0 67
4 3 3
4 6 33
5 1 41
5 4 47
5 6 62
6 7 78
7 8 35
7 9 42
7 10 6
7 11 42
7 12 48
7 13 5
8 7 29
8 9 50
8 10 1
8 12 29
9 7 54
9 8 40
9 10 76
9 12 44
10 7 23
10 9 18
10 11 29
11 9 4
11 10 77
11 12 73
11 13 21
12 8 72
12 9 29
13 7 86
13 8 61
13 9 55
13 12 31
13 14 52
14 15 50
14 17 66
14 18 7
16 17 21
16 18 22
16 19 6
16 20 13
17 14 0
17 16 55
17 18 59
17 19 37
17 20 83
18 16 50
18 19 74
18 20 96
19 15 99
19 16 84
19 18 53
20 14 38
20 15 88
20 18 93
20 19 83
20 21 7
21 23 17
21 25 9
21 26 35
22 21 49
22 24 98
22 26 8
22 27 9
23 22 95
24 22 3
24 23 0
24 25 18
24 26 96
24 27 81
25 22 9
25 24 22
25 26 92
25 27 79
26 21 57
26 22 91
26 24 56
26 27 34
27 21 55
27 22 46
27 23 86
27 28 42
28 29 16
28 31 22
29 30 92
29 33 0
29 34 3
30 31 1
31 28 85
31 29 85
31 30 26
31 34 32
32 29 21
32 31 29
32 33 92
33 29 49
33 31 45
33 32 18
34 31 87
34 35 37
35 36 49
35 40 86
36 35 82
36 38 14
36 40 71
36 41 63
37 40 8
37 41 45
38 36 21
38 37 46
38 39 81
38 40 96
38 41 29
39 37 73
39 38 44
39 41 39
40 36 54
40 37 45
40 39 13
40 41 22
41 35 18
41 38 91
41 39 25
41 42 14
42 43 24
42 44 74
42 45 59
42 47 87
43 42 77
43 45 63
43 46 92
43 48 80
44 45 99
45 42 23
45 43 61
45 47 5
46 44 42
46 45 86
46 47 0
47 42 13
47 43 70
47 44 35
47 48 96
48 44 40
48 45 95
48 46 19
48 49 76
49 50 58
49 51 71
49 52 78
49 55 18
50 49 19
50 51 0
50 53 26
50 54 57
50 55 15
51 49 27
51 52 64
51 54 86
52 51 25
52 55 23
53 49 2
53 50 23
53 51 37
54 49 60
54 50 16
54 51 26
55 51 90
55 52 88
55 54 51
55 56 62
56 58 13
56 59 78
57 56 58
57 60 57
57 61 77
57 62 13
58 59 60
58 60 93
58 61 5
58 62 11
59 56 35
59 57 72
59 58 23
59 61 16
59 62 57
60 56 57
60 62 22
61 57 17
61 58 85
62 59 96
62 63 62
63 64 34
63 65 72
63 68 63
64 68 75
64 69 23
65 63 54
66 64 26
66 65 5
66 68 98
67 65 37
67 66 56
67 69 5
68 63 48
68 65 13
69 63 62
69 66 78
69 67 43
69 68 73
70
138
1 0 58
2 0 61
2 5 36
2 6 4
3 1 92
3 4 16
4 1 71
4 2 69
5 1 3
5 2 22
5 3 73
5 6 11
6 5 37
6 7 59
7 9 29
8 7 88
9 8 90
9 10 70
9 12 1
9 13 48
10 7 23
10 8 54
10 9 40
11 8 39
12 8 29
12 10 15
12 13 4
13 7 77
13 10 21
13 14 72
14 15 29
14 17 97
14 18 86
14 19 61
14 20 55
15 16 74
16 14 24
16 18 91
16 20 57
17 15 83
18 15 22
18 20 68
19 14 91
19 15 55
19 18 37
20 14 95
20 15 2
20 21 20
21 22 21
21 23 99
21 24 84
21 26 53
22 21 38
22 23 88
23 21 83
23 24 10
24 25 0
25 23 24
25 26 9
26 22 85
26 23 43
26 25 14
27 22 58
27 23 80
27 28 89
28 32 22
30 28 88
30 31 2
30 32 72
30 33 28
31 34 44
32 28 81
32 29 22
32 30 21
32 34 92
33 34 69
34 29 1
34 30 55
34 35 82
35 39 57
36 37 21
36 40 68
36 41 25
38 35 18
38 36 39
38 37 79
39 37 49
39 41 16
40 41 14
41 42 55
42 43 53
42 44 8
42 48 21
43 44 82
43 47 22
44 43 50
45 42 39
45 43 24
45 44 10
45 47 86
45 48 74
46 48 91
47 48 34
48 43 59
48 49 18
50 51 80
51 50 43
52 49 3
52 50 5
52 53 31
54 49 74
55 56 94
56 58 19
57 61 51
58 57 19
58 61 60
58 62 10
59 60 27
59 62 64
60 56 82
60 58 87
60 59 74
60 61 27
61 62 96
62 63 2
63 68 11
64 63 20
64 65 24
65 66 13
66 65 58
67 65 8
68 64 28
68 65 84
68 67 11
68 69 35
69 64 50
69 67 16
69 68 57
0
