5
1 1
5 1
5 5
7 1
3 3
11
3 2
3 3
3 4
3 6
2 -2
1 -3
0 0
-3 -3
-3 -2
-3 -4
3 -7
21
1 1
2 2
3 3
4 4
5 5
-1 -1
-2 -2
-3 -3
-4 -4
-5 -5
-1 1
-2 2
-3 3
0 0
-4 4
-5 5
1 -1
2 -2
3 -3
4 -4
5 -5
19
0 1
0 2
0 3
0 4
0 5
0 6
0 7
0 8
0 9
1 1
1 3
1 5
1 7
1 9
-1 2
-1 4
-1 6
-1 8
-1 10
1
1 1
3
1 1
1 3
1 5
5
1 1
2 1
3 1
4 1
5 1
999
39383 -19114
42777 -13085
-2207 -11665
35386 10492
-33351 -8579
-47638 40027
18690 -29941
47763 -36074
30540 33426
39172 5736
-44789 45368
-47433 6429
15782 -28470
-27138 15123
24067 -46865
-36071 29802
-15978 -26942
-16931 48167
11393 -31544
25011 28042
26229 27373
34421 -5081
-36216 48537
25198 44324
48315 14370
16413 -46474
26091 18980
9956 -8127
-43138 49170
-43004 47281
-47695 -29075
27084 -13673
10336 -23495
846 -28271
11313 -24143
-33876 3895
-30418 -49455
48814 -16633
-34566 40364
-5957 -36250
21087 -23192
-32724 -2822
45788 43584
-44597 -47349
42754 -37601
49932 45060
-324 43368
-2261 -39988
-13774 48586
-1906 47539
-9205 30570
1434 10378
47467 16601
-39903 -37098
23317 20492
-23348 10756
47301 10280
-25714 -40559
3865 -20311
-21556 -3381
8440 -5271
8031 -41883
-11903 -44229
-15519 40675
-29291 48927
-45433 27856
29497 22353
4586 26965
5306 14683
-43781 -21376
1528 -17129
-44268 -1171
-40497 -19981
8270 13368
9708 36715
-23660 -31851
-2204 -49277
-7382 -47755
-27154 43451
42921 -6445
42379 47488
-12236 38228
19841 42350
15193 -8500
7034 37764
20124 -25086
-13013 25856
23743 -3509
-27773 -1635
-40141 31936
1432 2551
-33563 49228
3275 25407
-48526 26121
18858 44395
-13971 11237
-41765 23793
15818 44428
16143 -18989
-14072 -10471
-31224 -27596
14443 5763
-35387 4538
-31394 -13160
-47096 -5182
-14872 20688
47369 17917
19917 16996
-6676 37743
9470 -37817
48490 45499
39772 -43275
35644 5590
-32495 18139
-47046 19786
-42331 -11918
-41458 38464
-39803 -10493
9355 -21196
26348 28611
23622 -22172
-701 37343
45746 -14432
4340 5422
-26689 -36190
17605 -28199
-24339 23730
-5122 -38695
-20680 28736
29444 -1374
-1478 -46535
36708 23416
-41718 -36742
-37076 17637
-7938 -44376
12600 -17964
-16548 -38101
-30621 -4450
-2532 40071
-49027 37131
-46119 34930
-41067 -4106
8660 20163
7199 37981
-1101 2996
2959 -36227
22813 -10332
37190 31095
2926 -33534
15084 -38660
-27910 -22316
-6624 5542
5936 29107
-32555 -30244
19179 -31582
-43113 39412
-46652 -17828
1659 12009
-47664 -24790
16342 17587
28206 -30699
47713 17372
25321 -48745
14819 -5401
-32279 -20096
5939 -10189
23940 -34333
-38295 -3772
-38873 -20850
15984 46658
13920 39224
-47578 17269
-28604 4081
-4370 -9916
29292 -38028
-42328 23850
-2375 -44615
-8778 -10701
-43360 -43958
33898 -9287
2298 6190
30524 -7410
38209 -41419
38819 49336
-12268 21155
45994 -31996
10379 -35231
35273 31776
18850 -2745
-28140 -1858
25579 -4116
-28007 -26795
17621 29567
12504 40613
-48039 12754
-18674 4259
-31056 -21798
-36798 -26494
-13216 -47979
-27158 40868
39528 -14811
-41128 -92
-42 -39502
-1964 -31192
7753 36248
33303 -16667
-17867 -28352
22890 49754
-32433 1746
40368 -30471
-35500 -11954
23788 -203
16249 36990
23303 -46967
-44637 -37503
-39747 44892
-2314 -30875
11152 -36004
-4025 -40812
-843 -46271
45436 -17540
3414 -6079
20460 -23696
10028 38027
28050 16748
-42444 -41098
-45206 47697
8699 21043
-48961 -17998
40428 -43597
-5500 -49319
-32353 -41462
-13841 45151
-27465 32134
-45661 21692
-47785 -33873
-29496 5629
10049 40964
48285 -13571
45343 26335
-46823 -47100
35238 -42029
-33051 10289
45367 -32012
42292 35795
-9257 3144
-47171 8390
11682 5340
3541 -49431
3826 24232
22261 6042
40360 -40883
-21977 16761
-49919 -23691
-46810 45425
-31004 -43633
-35323 -45766
-19310 -18374
14524 -23943
-386 23168
-21795 40358
-23688 -2614
15100 -45654
-47274 -15006
-45084 6552
-24422 43529
-21054 -17710
-47353 6970
49051 -30920
49631 -31407
-19143 -31373
-8688 11886
-10786 38355
43512 -29910
-35588 9479
-40390 8969
16189 2274
-43645 -2359
6620 -24567
48987 27888
48338 -25434
37770 -22716
6856 40417
-49394 22260
-24151 -49763
-42795 23059
-14783 -1482
-15055 40783
-13127 -21542
-39127 17637
-45711 -29517
-23393 20478
22757 -686
-15529 -4271
41100 -16541
-26382 39438
8025 -38612
-16926 -18767
-31843 -16319
-46507 10358
270 -39301
-16583 -48161
25569 18363
42622 -21206
-36827 -30153
46431 -32538
6682 -10610
-45708 -4209
-44943 5115
41521 46157
38574 -18509
-48053 12951
9231 -14979
-39463 43740
35054 -35970
4098 -14675
-8919 37516
3516 -16998
22231 -3861
11796 35404
32338 24580
-30782 -10979
-36030 -10138
34812 -14621
44977 42685
-18464 49904
-25824 -16517
29207 49759
34857 39744
43499 19911
-29873 13950
-44764 27560
17818 25105
-39437 -9951
-28756 38711
-8195 -30066
13291 27375
8955 43614
-16411 -6232
-21007 -5082
2805 26882
-5178 26982
-23283 -25970
43093 -38426
-19874 36593
31486 253
543 -46926
-22186 -15287
28179 -11623
24762 -34225
-22912 -17081
-14290 -43268
-39706 -38983
-49654 10235
21137 -4309
-44847 -26057
-27427 16328
-49075 -709
-43290 44018
27217 -13164
46963 25055
37090 13858
28130 -35096
48571 22661
19633 39685
-45211 -36927
-27396 6851
-30195 -750
17868 -13497
-40515 -10994
32195 -35361
12949 -28880
30967 30226
36763 37677
40596 13981
-9135 37560
-10964 -22045
17770 -16482
9211 16342
-27468 -4804
22379 -22679
8270 44984
34172 44427
-5766 2040
-2717 20072
-42602 -4170
-48937 20347
16950 32030
573 3714
36059 7522
-15953 -23076
-4918 39435
21232 -20796
-27046 -19557
-38102 -4514
25640 34278
39159 262
29262 39683
11041 -10152
-8277 -41676
-23728 -878
4154 -22665
-14179 -12543
-40635 -47253
41171 -38224
10269 -24782
-11299 -28297
-35347 -40067
907 3959
6728 12806
-34203 -1280
-2916 -28692
-34666 -7302
-39009 26376
48898 2715
-48948 -24829
-31811 21559
2506 4010
-40984 28224
23109 -33461
40000 -16622
8109 -4947
5081 39114
21338 -44011
9426 -21933
35147 25223
26787 -17769
46532 42122
41281 -26125
34850 40179
26590 -47746
-34650 -38869
23813 17857
31494 49181
-3919 4603
-34280 2433
37982 40181
47487 9415
29296 18825
15404 -11278
46892 551
-19703 40032
49134 -6819
48506 40415
17057 49708
30595 9999
-48038 -37703
37483 25776
30154 18977
41309 -7413
-10068 -26618
45021 -5734
-36437 -41140
-46318 -40789
27685 19086
14285 40930
-14010 44583
47314 1476
4116 45820
-8108 -12475
45528 -11161
47525 47490
1136 -48640
39618 -2357
20337 30928
-43418 -23379
-45690 -32045
20888 -15775
-23185 24570
-6563 -29147
10008 -42278
-38217 -37650
-31343 -40903
13827 39126
-28731 -27929
-23349 -16851
10910 -9472
-19361 -21602
-8112 -13390
42393 -21423
-16110 48976
5199 4552
-33069 -23913
38777 10099
-49343 -1434
30952 27017
22641 42735
39368 41298
-31816 3195
46776 5805
25266 -26572
38954 2528
30308 -30407
47278 -27803
22555 39672
774 -43555
-45000 -27675
10997 -11717
-1588 16127
48382 15421
-35307 29334
-7561 37334
38421 -1841
44985 -27043
-48646 41761
28762 42972
-18459 17716
11852 -38150
-46338 25482
399 26217
15154 -48827
49015 36506
-10149 26364
-25210 38263
-7509 -26828
20037 23537
-31141 -21172
10871 -42720
26987 5856
-3410 28341
13970 -24648
37665 45511
43069 -483
-42639 -36917
-8649 24112
39300 -43494
41638 -45333
-40636 -18511
31032 -15846
-13896 -10125
23679 -43859
-36588 42538
-15031 40636
-33830 -38044
12844 12760
-43351 -23186
-45535 44314
-27674 -36114
10183 -3961
-23031 -48465
-29848 -17379
-25607 -38210
-12711 109
9631 -15327
34264 45735
24548 24295
-48123 -45687
16833 3198
44949 49355
15155 7793
28468 38156
-49040 32933
48823 -26714
-36829 25358
35677 -9860
43245 -27819
22761 -16010
323 -39950
34100 -40046
11075 18364
-27958 -14376
-7341 -26081
6289 -24156
43469 1238
-8449 24976
-24617 -29981
13133 -23657
-30696 11956
15981 -17525
3666 18011
38967 -3088
40192 11729
30902 6868
38131 15002
33174 -793
-282 -44784
-48817 42377
-4513 7472
-15427 -11043
-24938 26125
-36067 16797
-37504 43418
43141 -1847
21726 25474
46980 -24607
-6515 35948
22305 30
14029 19559
-43102 2160
-15438 -43576
-32281 34280
-38359 -31098
43010 23480
42726 -22417
-21211 -15860
-46292 -7277
-49062 -17443
2493 -39569
30710 -25780
35905 27690
-387 -20609
13638 -11730
29421 -22333
-42171 -47329
46180 8743
-40905 -36101
-6976 -12912
-846 2386
-39431 8232
29969 5710
42373 -49970
48433 -40337
-17413 17279
-29906 -20351
41499 -27649
-42661 7464
1742 37330
-37914 -2485
-18651 -30085
186 -6119
45011 25634
24133 4387
-37278 -26713
-43227 -10357
31519 36742
45354 40244
-46876 -39861
-33741 2063
27418 -13647
31712 35269
8705 -44596
-7267 -23201
42734 4819
24315 -9565
41087 -9147
-49331 -47550
-33513 24802
6837 -4438
48089 13610
35205 45960
16704 46911
-47443 19829
-26597 -31184
-28108 -49179
21522 -46395
-47557 -3421
-24639 11528
23378 -15553
-17300 14045
24882 -26213
-45101 25551
-7411 -28614
353 49426
16948 14794
13036 18506
27107 -3908
15417 29664
-34079 38820
48480 4166
-44006 36354
24123 -41563
-17067 49484
36317 -43688
-16069 -30983
36709 -24835
9156 41608
-32931 -48255
-37005 17422
-48829 46295
-1431 30559
14801 -24324
-23348 -3429
-44660 8925
1743 -29828
-36909 24089
-43473 -46434
48878 5812
-46950 35196
12124 3333
-45787 15186
28499 13370
6794 45568
15115 36141
29342 32639
32437 -5737
13198 13590
19939 -43798
-23487 41631
15128 28257
-38196 44571
2346 -15317
48138 1225
40495 -32460
-13579 18972
37226 -9366
-15842 15725
-29644 40952
27645 35472
43446 23339
18111 25883
-32397 -2339
5825 37542
20216 32339
29174 -14656
10596 -42670
-3733 -20706
-7987 10757
30519 -1140
44650 -16708
-32168 31876
40279 1990
13953 -39365
9295 -8402
46107 2741
-35063 30570
-5024 -17460
-5416 -49199
-29917 -35200
49492 -34391
16496 26440
-27061 -37237
-44265 31304
39873 -47394
-19836 34523
2251 14349
32751 -7470
-33661 -3296
3165 41986
38302 15625
11079 -30409
12547 -27593
18484 -42869
-10439 -45081
-28069 -10947
-29472 38427
-34506 9819
-32457 -12419
-8877 -26232
-9813 37639
-25357 42438
1988 -42606
1320 34680
4098 -45514
43018 8752
36463 4098
44695 -990
26505 13179
6142 -33934
18098 44425
21472 -45022
32853 36966
14797 -33252
-25453 -27728
-9484 31086
-40088 15159
39877 11900
22553 -8803
12932 -6997
12035 5951
-31893 -1502
-39951 -20846
-36139 -47094
42334 20003
-14675 26784
14428 -43203
31763 13633
-39885 -3440
30381 1014
35185 -29103
-17900 45097
-47592 -11671
23349 41313
45879 2634
-15684 7914
-41415 18775
-27235 -15014
47930 -13374
-12108 -43384
-43371 39569
49752 37409
46366 31515
17395 -27167
-5572 -2224
23847 -20387
35026 -27700
-8938 -46214
10629 -19237
45100 6508
33397 -20584
-19225 41982
-35456 3540
-6680 -21174
-43482 47565
1794 -20501
37134 1546
-33092 49853
-16938 34303
-27314 43842
-1568 46534
-10193 -190
-31166 30869
3596 45815
-22016 -1304
2324 -38618
44465 49451
-30284 -24639
19343 13037
4187 25861
10602 -44019
-44640 14088
23879 -11380
13941 -26707
-27076 36628
-32865 37708
33162 6942
3870 -48004
4163 -42534
47811 48500
22515 16487
-23766 33332
32290 -4050
-41307 1633
-24661 12880
-22506 -47707
35213 -17146
16382 25444
21475 -19677
48738 -39249
-33049 -34127
-35189 -33535
39168 18681
-15187 9683
42499 -1023
24535 15014
-34536 -49231
-1654 -35893
13072 23391
15740 38411
2623 -40413
-42943 -12164
8793 23439
-36719 -3380
-29886 -21629
7371 3418
10596 38534
19883 -236
23567 -45303
-24200 16067
3674 -49665
-2567 35490
-32543 -37868
-34051 30529
35523 31690
35292 -11853
-42371 42349
42335 16422
32140 -28032
-36957 -47745
339 36766
22025 -39064
41653 8260
27052 15220
12957 -30796
-18713 -17017
-30460 28721
-15174 -13003
-42795 17127
-16122 42728
15169 -30830
-2773 22798
-38480 -10437
-10779 43660
27883 18616
-37733 -21777
5382 34292
5511 -2965
-7447 -17437
-21392 -28138
1768 9895
21198 37660
4968 -27624
-8991 12173
39503 24887
21254 4673
44057 -31519
-6177 -28071
24396 33044
-18058 2280
18012 -5791
46855 -10253
-5146 2366
-46866 -46241
-48719 -18258
-8027 19401
41638 -36829
23413 12958
1899 -35578
-8516 7755
-44339 -20910
-21220 -33929
13923 22603
-12000 -11680
22000 19942
-43048 -9988
-19496 -46193
29759 25358
22525 32894
29117 40158
-35364 -28910
9560 -27374
614 -17027
-48063 -31135
13748 -6579
26620 19409
38863 -44600
-48168 2786
28004 -10167
-42542 16356
-23873 -35590
-43632 6631
-15431 36128
-1659 -26554
35374 -22542
-36395 -49990
14901 23165
-11011 -18133
-27510 -9074
732 36238
-49301 -6295
22000 39562
15457 23832
-7652 -6539
-19983 -193
-23831 22497
30569 -17462
-20872 -34861
-14982 27470
-11415 -29608
-28720 18542
-13246 -47467
-8293 25743
-15600 30550
-16979 -48515
16788 -16280
-4810 5140
-10366 -39353
-4675 31983
20461 41694
-1858 46630
14191 -4937
-4480 43320
26554 30538
37142 -18508
-49070 -41578
-49966 -12315
-22692 8094
-20220 11708
-11356 12802
29545 -28216
46522 -8913
26925 -13843
1735 -11398
-15508 -11452
-19704 48986
1530 -39160
-5951 47051
-29488 -13044
27589 -42346
18448 44872
-17572 18482
-17443 26088
-23424 12337
-12203 15220
-24861 -16306
37005 -11986
24782 30282
40523 -7131
-14764 -24985
31417 31884
-9647 -701
42724 -49246
-3650 -36764
-12290 -9708
-12758 -43842
-14836 36023
24641 17721
12111 -32431
-3590 -33740
32790 37902
-45 36147
-24084 -8911
32781 -33561
33958 -31983
7806 15375
49901 -35489
-35326 -41022
-34735 27377
-11434 2976
-32331 42161
169
0 0
0 1
0 2
0 3
0 4
0 5
0 6
0 7
0 8
0 9
0 10
0 11
0 12
1 0
1 1
1 2
1 3
1 4
1 5
1 6
1 7
1 8
1 9
1 10
1 11
1 12
2 0
2 1
2 2
2 3
2 4
2 5
2 6
2 7
2 8
2 9
2 10
2 11
2 12
3 0
3 1
3 2
3 3
3 4
3 5
3 6
3 7
3 8
3 9
3 10
3 11
3 12
4 0
4 1
4 2
4 3
4 4
4 5
4 6
4 7
4 8
4 9
4 10
4 11
4 12
5 0
5 1
5 2
5 3
5 4
5 5
5 6
5 7
5 8
5 9
5 10
5 11
5 12
6 0
6 1
6 2
6 3
6 4
6 5
6 6
6 7
6 8
6 9
6 10
6 11
6 12
7 0
7 1
7 2
7 3
7 4
7 5
7 6
7 7
7 8
7 9
7 10
7 11
7 12
8 0
8 1
8 2
8 3
8 4
8 5
8 6
8 7
8 8
8 9
8 10
8 11
8 12
9 0
9 1
9 2
9 3
9 4
9 5
9 6
9 7
9 8
9 9
9 10
9 11
9 12
10 0
10 1
10 2
10 3
10 4
10 5
10 6
10 7
10 8
10 9
10 10
10 11
10 12
11 0
11 1
11 2
11 3
11 4
11 5
11 6
11 7
11 8
11 9
11 10
11 11
11 12
12 0
12 1
12 2
12 3
12 4
12 5
12 6
12 7
12 8
12 9
12 10
12 11
12 12
2145
1 1
1 2
1 3
1 4
1 5
1 6
1 7
1 8
1 9
1 10
1 11
1 12
1 13
1 14
1 15
1 16
1 17
1 18
1 19
1 20
1 21
1 22
1 23
1 24
1 25
1 26
1 27
1 28
1 29
1 30
1 31
1 32
1 33
2 1
2 2
2 3
2 4
2 5
2 6
2 7
2 8
2 9
2 10
2 11
2 12
2 13
2 14
2 15
2 16
2 17
2 18
2 19
2 20
2 21
2 22
2 23
2 24
2 25
2 26
2 27
2 28
2 29
2 30
2 31
2 32
2 33
3 1
3 2
3 3
3 4
3 5
3 6
3 7
3 8
3 9
3 10
3 11
3 12
3 13
3 14
3 15
3 16
3 17
3 18
3 19
3 20
3 21
3 22
3 23
3 24
3 25
3 26
3 27
3 28
3 29
3 30
3 31
3 32
3 33
4 1
4 2
4 3
4 4
4 5
4 6
4 7
4 8
4 9
4 10
4 11
4 12
4 13
4 14
4 15
4 16
4 17
4 18
4 19
4 20
4 21
4 22
4 23
4 24
4 25
4 26
4 27
4 28
4 29
4 30
4 31
4 32
4 33
5 1
5 2
5 3
5 4
5 5
5 6
5 7
5 8
5 9
5 10
5 11
5 12
5 13
5 14
5 15
5 16
5 17
5 18
5 19
5 20
5 21
5 22
5 23
5 24
5 25
5 26
5 27
5 28
5 29
5 30
5 31
5 32
5 33
6 1
6 2
6 3
6 4
6 5
6 6
6 7
6 8
6 9
6 10
6 11
6 12
6 13
6 14
6 15
6 16
6 17
6 18
6 19
6 20
6 21
6 22
6 23
6 24
6 25
6 26
6 27
6 28
6 29
6 30
6 31
6 32
6 33
7 1
7 2
7 3
7 4
7 5
7 6
7 7
7 8
7 9
7 10
7 11
7 12
7 13
7 14
7 15
7 16
7 17
7 18
7 19
7 20
7 21
7 22
7 23
7 24
7 25
7 26
7 27
7 28
7 29
7 30
7 31
7 32
7 33
8 1
8 2
8 3
8 4
8 5
8 6
8 7
8 8
8 9
8 10
8 11
8 12
8 13
8 14
8 15
8 16
8 17
8 18
8 19
8 20
8 21
8 22
8 23
8 24
8 25
8 26
8 27
8 28
8 29
8 30
8 31
8 32
8 33
9 1
9 2
9 3
9 4
9 5
9 6
9 7
9 8
9 9
9 10
9 11
9 12
9 13
9 14
9 15
9 16
9 17
9 18
9 19
9 20
9 21
9 22
9 23
9 24
9 25
9 26
9 27
9 28
9 29
9 30
9 31
9 32
9 33
10 1
10 2
10 3
10 4
10 5
10 6
10 7
10 8
10 9
10 10
10 11
10 12
10 13
10 14
10 15
10 16
10 17
10 18
10 19
10 20
10 21
10 22
10 23
10 24
10 25
10 26
10 27
10 28
10 29
10 30
10 31
10 32
10 33
11 1
11 2
11 3
11 4
11 5
11 6
11 7
11 8
11 9
11 10
11 11
11 12
11 13
11 14
11 15
11 16
11 17
11 18
11 19
11 20
11 21
11 22
11 23
11 24
11 25
11 26
11 27
11 28
11 29
11 30
11 31
11 32
11 33
12 1
12 2
12 3
12 4
12 5
12 6
12 7
12 8
12 9
12 10
12 11
12 12
12 13
12 14
12 15
12 16
12 17
12 18
12 19
12 20
12 21
12 22
12 23
12 24
12 25
12 26
12 27
12 28
12 29
12 30
12 31
12 32
12 33
13 1
13 2
13 3
13 4
13 5
13 6
13 7
13 8
13 9
13 10
13 11
13 12
13 13
13 14
13 15
13 16
13 17
13 18
13 19
13 20
13 21
13 22
13 23
13 24
13 25
13 26
13 27
13 28
13 29
13 30
13 31
13 32
13 33
14 1
14 2
14 3
14 4
14 5
14 6
14 7
14 8
14 9
14 10
14 11
14 12
14 13
14 14
14 15
14 16
14 17
14 18
14 19
14 20
14 21
14 22
14 23
14 24
14 25
14 26
14 27
14 28
14 29
14 30
14 31
14 32
14 33
15 1
15 2
15 3
15 4
15 5
15 6
15 7
15 8
15 9
15 10
15 11
15 12
15 13
15 14
15 15
15 16
15 17
15 18
15 19
15 20
15 21
15 22
15 23
15 24
15 25
15 26
15 27
15 28
15 29
15 30
15 31
15 32
15 33
16 1
16 2
16 3
16 4
16 5
16 6
16 7
16 8
16 9
16 10
16 11
16 12
16 13
16 14
16 15
16 16
16 17
16 18
16 19
16 20
16 21
16 22
16 23
16 24
16 25
16 26
16 27
16 28
16 29
16 30
16 31
16 32
16 33
17 1
17 2
17 3
17 4
17 5
17 6
17 7
17 8
17 9
17 10
17 11
17 12
17 13
17 14
17 15
17 16
17 17
17 18
17 19
17 20
17 21
17 22
17 23
17 24
17 25
17 26
17 27
17 28
17 29
17 30
17 31
17 32
17 33
18 1
18 2
18 3
18 4
18 5
18 6
18 7
18 8
18 9
18 10
18 11
18 12
18 13
18 14
18 15
18 16
18 17
18 18
18 19
18 20
18 21
18 22
18 23
18 24
18 25
18 26
18 27
18 28
18 29
18 30
18 31
18 32
18 33
19 1
19 2
19 3
19 4
19 5
19 6
19 7
19 8
19 9
19 10
19 11
19 12
19 13
19 14
19 15
19 16
19 17
19 18
19 19
19 20
19 21
19 22
19 23
19 24
19 25
19 26
19 27
19 28
19 29
19 30
19 31
19 32
19 33
20 1
20 2
20 3
20 4
20 5
20 6
20 7
20 8
20 9
20 10
20 11
20 12
20 13
20 14
20 15
20 16
20 17
20 18
20 19
20 20
20 21
20 22
20 23
20 24
20 25
20 26
20 27
20 28
20 29
20 30
20 31
20 32
20 33
21 1
21 2
21 3
21 4
21 5
21 6
21 7
21 8
21 9
21 10
21 11
21 12
21 13
21 14
21 15
21 16
21 17
21 18
21 19
21 20
21 21
21 22
21 23
21 24
21 25
21 26
21 27
21 28
21 29
21 30
21 31
21 32
21 33
22 1
22 2
22 3
22 4
22 5
22 6
22 7
22 8
22 9
22 10
22 11
22 12
22 13
22 14
22 15
22 16
22 17
22 18
22 19
22 20
22 21
22 22
22 23
22 24
22 25
22 26
22 27
22 28
22 29
22 30
22 31
22 32
22 33
23 1
23 2
23 3
23 4
23 5
23 6
23 7
23 8
23 9
23 10
23 11
23 12
23 13
23 14
23 15
23 16
23 17
23 18
23 19
23 20
23 21
23 22
23 23
23 24
23 25
23 26
23 27
23 28
23 29
23 30
23 31
23 32
23 33
24 1
24 2
24 3
24 4
24 5
24 6
24 7
24 8
24 9
24 10
24 11
24 12
24 13
24 14
24 15
24 16
24 17
24 18
24 19
24 20
24 21
24 22
24 23
24 24
24 25
24 26
24 27
24 28
24 29
24 30
24 31
24 32
24 33
25 1
25 2
25 3
25 4
25 5
25 6
25 7
25 8
25 9
25 10
25 11
25 12
25 13
25 14
25 15
25 16
25 17
25 18
25 19
25 20
25 21
25 22
25 23
25 24
25 25
25 26
25 27
25 28
25 29
25 30
25 31
25 32
25 33
26 1
26 2
26 3
26 4
26 5
26 6
26 7
26 8
26 9
26 10
26 11
26 12
26 13
26 14
26 15
26 16
26 17
26 18
26 19
26 20
26 21
26 22
26 23
26 24
26 25
26 26
26 27
26 28
26 29
26 30
26 31
26 32
26 33
27 1
27 2
27 3
27 4
27 5
27 6
27 7
27 8
27 9
27 10
27 11
27 12
27 13
27 14
27 15
27 16
27 17
27 18
27 19
27 20
27 21
27 22
27 23
27 24
27 25
27 26
27 27
27 28
27 29
27 30
27 31
27 32
27 33
28 1
28 2
28 3
28 4
28 5
28 6
28 7
28 8
28 9
28 10
28 11
28 12
28 13
28 14
28 15
28 16
28 17
28 18
28 19
28 20
28 21
28 22
28 23
28 24
28 25
28 26
28 27
28 28
28 29
28 30
28 31
28 32
28 33
29 1
29 2
29 3
29 4
29 5
29 6
29 7
29 8
29 9
29 10
29 11
29 12
29 13
29 14
29 15
29 16
29 17
29 18
29 19
29 20
29 21
29 22
29 23
29 24
29 25
29 26
29 27
29 28
29 29
29 30
29 31
29 32
29 33
30 1
30 2
30 3
30 4
30 5
30 6
30 7
30 8
30 9
30 10
30 11
30 12
30 13
30 14
30 15
30 16
30 17
30 18
30 19
30 20
30 21
30 22
30 23
30 24
30 25
30 26
30 27
30 28
30 29
30 30
30 31
30 32
30 33
31 1
31 2
31 3
31 4
31 5
31 6
31 7
31 8
31 9
31 10
31 11
31 12
31 13
31 14
31 15
31 16
31 17
31 18
31 19
31 20
31 21
31 22
31 23
31 24
31 25
31 26
31 27
31 28
31 29
31 30
31 31
31 32
31 33
32 1
32 2
32 3
32 4
32 5
32 6
32 7
32 8
32 9
32 10
32 11
32 12
32 13
32 14
32 15
32 16
32 17
32 18
32 19
32 20
32 21
32 22
32 23
32 24
32 25
32 26
32 27
32 28
32 29
32 30
32 31
32 32
32 33
33 1
33 2
33 3
33 4
33 5
33 6
33 7
33 8
33 9
33 10
33 11
33 12
33 13
33 14
33 15
33 16
33 17
33 18
33 19
33 20
33 21
33 22
33 23
33 24
33 25
33 26
33 27
33 28
33 29
33 30
33 31
33 32
33 33
-1 -1
-1 -2
-1 -3
-1 -4
-1 -5
-1 -6
-1 -7
-1 -8
-1 -9
-1 -10
-1 -11
-1 -12
-1 -13
-1 -14
-1 -15
-1 -16
-1 -17
-1 -18
-1 -19
-1 -20
-1 -21
-1 -22
-1 -23
-1 -24
-1 -25
-1 -26
-1 -27
-1 -28
-1 -29
-1 -30
-1 -31
-1 -32
-2 -1
-2 -2
-2 -3
-2 -4
-2 -5
-2 -6
-2 -7
-2 -8
-2 -9
-2 -10
-2 -11
-2 -12
-2 -13
-2 -14
-2 -15
-2 -16
-2 -17
-2 -18
-2 -19
-2 -20
-2 -21
-2 -22
-2 -23
-2 -24
-2 -25
-2 -26
-2 -27
-2 -28
-2 -29
-2 -30
-2 -31
-2 -32
-3 -1
-3 -2
-3 -3
-3 -4
-3 -5
-3 -6
-3 -7
-3 -8
-3 -9
-3 -10
-3 -11
-3 -12
-3 -13
-3 -14
-3 -15
-3 -16
-3 -17
-3 -18
-3 -19
-3 -20
-3 -21
-3 -22
-3 -23
-3 -24
-3 -25
-3 -26
-3 -27
-3 -28
-3 -29
-3 -30
-3 -31
-3 -32
-4 -1
-4 -2
-4 -3
-4 -4
-4 -5
-4 -6
-4 -7
-4 -8
-4 -9
-4 -10
-4 -11
-4 -12
-4 -13
-4 -14
-4 -15
-4 -16
-4 -17
-4 -18
-4 -19
-4 -20
-4 -21
-4 -22
-4 -23
-4 -24
-4 -25
-4 -26
-4 -27
-4 -28
-4 -29
-4 -30
-4 -31
-4 -32
-5 -1
-5 -2
-5 -3
-5 -4
-5 -5
-5 -6
-5 -7
-5 -8
-5 -9
-5 -10
-5 -11
-5 -12
-5 -13
-5 -14
-5 -15
-5 -16
-5 -17
-5 -18
-5 -19
-5 -20
-5 -21
-5 -22
-5 -23
-5 -24
-5 -25
-5 -26
-5 -27
-5 -28
-5 -29
-5 -30
-5 -31
-5 -32
-6 -1
-6 -2
-6 -3
-6 -4
-6 -5
-6 -6
-6 -7
-6 -8
-6 -9
-6 -10
-6 -11
-6 -12
-6 -13
-6 -14
-6 -15
-6 -16
-6 -17
-6 -18
-6 -19
-6 -20
-6 -21
-6 -22
-6 -23
-6 -24
-6 -25
-6 -26
-6 -27
-6 -28
-6 -29
-6 -30
-6 -31
-6 -32
-7 -1
-7 -2
-7 -3
-7 -4
-7 -5
-7 -6
-7 -7
-7 -8
-7 -9
-7 -10
-7 -11
-7 -12
-7 -13
-7 -14
-7 -15
-7 -16
-7 -17
-7 -18
-7 -19
-7 -20
-7 -21
-7 -22
-7 -23
-7 -24
-7 -25
-7 -26
-7 -27
-7 -28
-7 -29
-7 -30
-7 -31
-7 -32
-8 -1
-8 -2
-8 -3
-8 -4
-8 -5
-8 -6
-8 -7
-8 -8
-8 -9
-8 -10
-8 -11
-8 -12
-8 -13
-8 -14
-8 -15
-8 -16
-8 -17
-8 -18
-8 -19
-8 -20
-8 -21
-8 -22
-8 -23
-8 -24
-8 -25
-8 -26
-8 -27
-8 -28
-8 -29
-8 -30
-8 -31
-8 -32
-9 -1
-9 -2
-9 -3
-9 -4
-9 -5
-9 -6
-9 -7
-9 -8
-9 -9
-9 -10
-9 -11
-9 -12
-9 -13
-9 -14
-9 -15
-9 -16
-9 -17
-9 -18
-9 -19
-9 -20
-9 -21
-9 -22
-9 -23
-9 -24
-9 -25
-9 -26
-9 -27
-9 -28
-9 -29
-9 -30
-9 -31
-9 -32
-10 -1
-10 -2
-10 -3
-10 -4
-10 -5
-10 -6
-10 -7
-10 -8
-10 -9
-10 -10
-10 -11
-10 -12
-10 -13
-10 -14
-10 -15
-10 -16
-10 -17
-10 -18
-10 -19
-10 -20
-10 -21
-10 -22
-10 -23
-10 -24
-10 -25
-10 -26
-10 -27
-10 -28
-10 -29
-10 -30
-10 -31
-10 -32
-11 -1
-11 -2
-11 -3
-11 -4
-11 -5
-11 -6
-11 -7
-11 -8
-11 -9
-11 -10
-11 -11
-11 -12
-11 -13
-11 -14
-11 -15
-11 -16
-11 -17
-11 -18
-11 -19
-11 -20
-11 -21
-11 -22
-11 -23
-11 -24
-11 -25
-11 -26
-11 -27
-11 -28
-11 -29
-11 -30
-11 -31
-11 -32
-12 -1
-12 -2
-12 -3
-12 -4
-12 -5
-12 -6
-12 -7
-12 -8
-12 -9
-12 -10
-12 -11
-12 -12
-12 -13
-12 -14
-12 -15
-12 -16
-12 -17
-12 -18
-12 -19
-12 -20
-12 -21
-12 -22
-12 -23
-12 -24
-12 -25
-12 -26
-12 -27
-12 -28
-12 -29
-12 -30
-12 -31
-12 -32
-13 -1
-13 -2
-13 -3
-13 -4
-13 -5
-13 -6
-13 -7
-13 -8
-13 -9
-13 -10
-13 -11
-13 -12
-13 -13
-13 -14
-13 -15
-13 -16
-13 -17
-13 -18
-13 -19
-13 -20
-13 -21
-13 -22
-13 -23
-13 -24
-13 -25
-13 -26
-13 -27
-13 -28
-13 -29
-13 -30
-13 -31
-13 -32
-14 -1
-14 -2
-14 -3
-14 -4
-14 -5
-14 -6
-14 -7
-14 -8
-14 -9
-14 -10
-14 -11
-14 -12
-14 -13
-14 -14
-14 -15
-14 -16
-14 -17
-14 -18
-14 -19
-14 -20
-14 -21
-14 -22
-14 -23
-14 -24
-14 -25
-14 -26
-14 -27
-14 -28
-14 -29
-14 -30
-14 -31
-14 -32
-15 -1
-15 -2
-15 -3
-15 -4
-15 -5
-15 -6
-15 -7
-15 -8
-15 -9
-15 -10
-15 -11
-15 -12
-15 -13
-15 -14
-15 -15
-15 -16
-15 -17
-15 -18
-15 -19
-15 -20
-15 -21
-15 -22
-15 -23
-15 -24
-15 -25
-15 -26
-15 -27
-15 -28
-15 -29
-15 -30
-15 -31
-15 -32
-16 -1
-16 -2
-16 -3
-16 -4
-16 -5
-16 -6
-16 -7
-16 -8
-16 -9
-16 -10
-16 -11
-16 -12
-16 -13
-16 -14
-16 -15
-16 -16
-16 -17
-16 -18
-16 -19
-16 -20
-16 -21
-16 -22
-16 -23
-16 -24
-16 -25
-16 -26
-16 -27
-16 -28
-16 -29
-16 -30
-16 -31
-16 -32
-17 -1
-17 -2
-17 -3
-17 -4
-17 -5
-17 -6
-17 -7
-17 -8
-17 -9
-17 -10
-17 -11
-17 -12
-17 -13
-17 -14
-17 -15
-17 -16
-17 -17
-17 -18
-17 -19
-17 -20
-17 -21
-17 -22
-17 -23
-17 -24
-17 -25
-17 -26
-17 -27
-17 -28
-17 -29
-17 -30
-17 -31
-17 -32
-18 -1
-18 -2
-18 -3
-18 -4
-18 -5
-18 -6
-18 -7
-18 -8
-18 -9
-18 -10
-18 -11
-18 -12
-18 -13
-18 -14
-18 -15
-18 -16
-18 -17
-18 -18
-18 -19
-18 -20
-18 -21
-18 -22
-18 -23
-18 -24
-18 -25
-18 -26
-18 -27
-18 -28
-18 -29
-18 -30
-18 -31
-18 -32
-19 -1
-19 -2
-19 -3
-19 -4
-19 -5
-19 -6
-19 -7
-19 -8
-19 -9
-19 -10
-19 -11
-19 -12
-19 -13
-19 -14
-19 -15
-19 -16
-19 -17
-19 -18
-19 -19
-19 -20
-19 -21
-19 -22
-19 -23
-19 -24
-19 -25
-19 -26
-19 -27
-19 -28
-19 -29
-19 -30
-19 -31
-19 -32
-20 -1
-20 -2
-20 -3
-20 -4
-20 -5
-20 -6
-20 -7
-20 -8
-20 -9
-20 -10
-20 -11
-20 -12
-20 -13
-20 -14
-20 -15
-20 -16
-20 -17
-20 -18
-20 -19
-20 -20
-20 -21
-20 -22
-20 -23
-20 -24
-20 -25
-20 -26
-20 -27
-20 -28
-20 -29
-20 -30
-20 -31
-20 -32
-21 -1
-21 -2
-21 -3
-21 -4
-21 -5
-21 -6
-21 -7
-21 -8
-21 -9
-21 -10
-21 -11
-21 -12
-21 -13
-21 -14
-21 -15
-21 -16
-21 -17
-21 -18
-21 -19
-21 -20
-21 -21
-21 -22
-21 -23
-21 -24
-21 -25
-21 -26
-21 -27
-21 -28
-21 -29
-21 -30
-21 -31
-21 -32
-22 -1
-22 -2
-22 -3
-22 -4
-22 -5
-22 -6
-22 -7
-22 -8
-22 -9
-22 -10
-22 -11
-22 -12
-22 -13
-22 -14
-22 -15
-22 -16
-22 -17
-22 -18
-22 -19
-22 -20
-22 -21
-22 -22
-22 -23
-22 -24
-22 -25
-22 -26
-22 -27
-22 -28
-22 -29
-22 -30
-22 -31
-22 -32
-23 -1
-23 -2
-23 -3
-23 -4
-23 -5
-23 -6
-23 -7
-23 -8
-23 -9
-23 -10
-23 -11
-23 -12
-23 -13
-23 -14
-23 -15
-23 -16
-23 -17
-23 -18
-23 -19
-23 -20
-23 -21
-23 -22
-23 -23
-23 -24
-23 -25
-23 -26
-23 -27
-23 -28
-23 -29
-23 -30
-23 -31
-23 -32
-24 -1
-24 -2
-24 -3
-24 -4
-24 -5
-24 -6
-24 -7
-24 -8
-24 -9
-24 -10
-24 -11
-24 -12
-24 -13
-24 -14
-24 -15
-24 -16
-24 -17
-24 -18
-24 -19
-24 -20
-24 -21
-24 -22
-24 -23
-24 -24
-24 -25
-24 -26
-24 -27
-24 -28
-24 -29
-24 -30
-24 -31
-24 -32
-25 -1
-25 -2
-25 -3
-25 -4
-25 -5
-25 -6
-25 -7
-25 -8
-25 -9
-25 -10
-25 -11
-25 -12
-25 -13
-25 -14
-25 -15
-25 -16
-25 -17
-25 -18
-25 -19
-25 -20
-25 -21
-25 -22
-25 -23
-25 -24
-25 -25
-25 -26
-25 -27
-25 -28
-25 -29
-25 -30
-25 -31
-25 -32
-26 -1
-26 -2
-26 -3
-26 -4
-26 -5
-26 -6
-26 -7
-26 -8
-26 -9
-26 -10
-26 -11
-26 -12
-26 -13
-26 -14
-26 -15
-26 -16
-26 -17
-26 -18
-26 -19
-26 -20
-26 -21
-26 -22
-26 -23
-26 -24
-26 -25
-26 -26
-26 -27
-26 -28
-26 -29
-26 -30
-26 -31
-26 -32
-27 -1
-27 -2
-27 -3
-27 -4
-27 -5
-27 -6
-27 -7
-27 -8
-27 -9
-27 -10
-27 -11
-27 -12
-27 -13
-27 -14
-27 -15
-27 -16
-27 -17
-27 -18
-27 -19
-27 -20
-27 -21
-27 -22
-27 -23
-27 -24
-27 -25
-27 -26
-27 -27
-27 -28
-27 -29
-27 -30
-27 -31
-27 -32
-28 -1
-28 -2
-28 -3
-28 -4
-28 -5
-28 -6
-28 -7
-28 -8
-28 -9
-28 -10
-28 -11
-28 -12
-28 -13
-28 -14
-28 -15
-28 -16
-28 -17
-28 -18
-28 -19
-28 -20
-28 -21
-28 -22
-28 -23
-28 -24
-28 -25
-28 -26
-28 -27
-28 -28
-28 -29
-28 -30
-28 -31
-28 -32
-29 -1
-29 -2
-29 -3
-29 -4
-29 -5
-29 -6
-29 -7
-29 -8
-29 -9
-29 -10
-29 -11
-29 -12
-29 -13
-29 -14
-29 -15
-29 -16
-29 -17
-29 -18
-29 -19
-29 -20
-29 -21
-29 -22
-29 -23
-29 -24
-29 -25
-29 -26
-29 -27
-29 -28
-29 -29
-29 -30
-29 -31
-29 -32
-30 -1
-30 -2
-30 -3
-30 -4
-30 -5
-30 -6
-30 -7
-30 -8
-30 -9
-30 -10
-30 -11
-30 -12
-30 -13
-30 -14
-30 -15
-30 -16
-30 -17
-30 -18
-30 -19
-30 -20
-30 -21
-30 -22
-30 -23
-30 -24
-30 -25
-30 -26
-30 -27
-30 -28
-30 -29
-30 -30
-30 -31
-30 -32
-31 -1
-31 -2
-31 -3
-31 -4
-31 -5
-31 -6
-31 -7
-31 -8
-31 -9
-31 -10
-31 -11
-31 -12
-31 -13
-31 -14
-31 -15
-31 -16
-31 -17
-31 -18
-31 -19
-31 -20
-31 -21
-31 -22
-31 -23
-31 -24
-31 -25
-31 -26
-31 -27
-31 -28
-31 -29
-31 -30
-31 -31
-31 -32
-32 -1
-32 -2
-32 -3
-32 -4
-32 -5
-32 -6
-32 -7
-32 -8
-32 -9
-32 -10
-32 -11
-32 -12
-32 -13
-32 -14
-32 -15
-32 -16
-32 -17
-32 -18
-32 -19
-32 -20
-32 -21
-32 -22
-32 -23
-32 -24
-32 -25
-32 -26
-32 -27
-32 -28
-32 -29
-32 -30
-32 -31
-32 -32
-33 -1
-33 -2
-33 -3
-33 -4
-33 -5
-33 -6
-33 -7
-33 -8
-33 -9
-33 -10
-33 -11
-33 -12
-33 -13
-33 -14
-33 -15
-33 -16
-33 -17
-33 -18
-33 -19
-33 -20
-33 -21
-33 -22
-33 -23
-33 -24
-33 -25
-33 -26
-33 -27
-33 -28
-33 -29
-33 -30
-33 -31
-33 -32
2145
-1 1
-1 2
-1 3
-1 4
-1 5
-1 6
-1 7
-1 8
-1 9
-1 10
-1 11
-1 12
-1 13
-1 14
-1 15
-1 16
-1 17
-1 18
-1 19
-1 20
-1 21
-1 22
-1 23
-1 24
-1 25
-1 26
-1 27
-1 28
-1 29
-1 30
-1 31
-1 32
-1 33
-2 1
-2 2
-2 3
-2 4
-2 5
-2 6
-2 7
-2 8
-2 9
-2 10
-2 11
-2 12
-2 13
-2 14
-2 15
-2 16
-2 17
-2 18
-2 19
-2 20
-2 21
-2 22
-2 23
-2 24
-2 25
-2 26
-2 27
-2 28
-2 29
-2 30
-2 31
-2 32
-2 33
-3 1
-3 2
-3 3
-3 4
-3 5
-3 6
-3 7
-3 8
-3 9
-3 10
-3 11
-3 12
-3 13
-3 14
-3 15
-3 16
-3 17
-3 18
-3 19
-3 20
-3 21
-3 22
-3 23
-3 24
-3 25
-3 26
-3 27
-3 28
-3 29
-3 30
-3 31
-3 32
-3 33
-4 1
-4 2
-4 3
-4 4
-4 5
-4 6
-4 7
-4 8
-4 9
-4 10
-4 11
-4 12
-4 13
-4 14
-4 15
-4 16
-4 17
-4 18
-4 19
-4 20
-4 21
-4 22
-4 23
-4 24
-4 25
-4 26
-4 27
-4 28
-4 29
-4 30
-4 31
-4 32
-4 33
-5 1
-5 2
-5 3
-5 4
-5 5
-5 6
-5 7
-5 8
-5 9
-5 10
-5 11
-5 12
-5 13
-5 14
-5 15
-5 16
-5 17
-5 18
-5 19
-5 20
-5 21
-5 22
-5 23
-5 24
-5 25
-5 26
-5 27
-5 28
-5 29
-5 30
-5 31
-5 32
-5 33
-6 1
-6 2
-6 3
-6 4
-6 5
-6 6
-6 7
-6 8
-6 9
-6 10
-6 11
-6 12
-6 13
-6 14
-6 15
-6 16
-6 17
-6 18
-6 19
-6 20
-6 21
-6 22
-6 23
-6 24
-6 25
-6 26
-6 27
-6 28
-6 29
-6 30
-6 31
-6 32
-6 33
-7 1
-7 2
-7 3
-7 4
-7 5
-7 6
-7 7
-7 8
-7 9
-7 10
-7 11
-7 12
-7 13
-7 14
-7 15
-7 16
-7 17
-7 18
-7 19
-7 20
-7 21
-7 22
-7 23
-7 24
-7 25
-7 26
-7 27
-7 28
-7 29
-7 30
-7 31
-7 32
-7 33
-8 1
-8 2
-8 3
-8 4
-8 5
-8 6
-8 7
-8 8
-8 9
-8 10
-8 11
-8 12
-8 13
-8 14
-8 15
-8 16
-8 17
-8 18
-8 19
-8 20
-8 21
-8 22
-8 23
-8 24
-8 25
-8 26
-8 27
-8 28
-8 29
-8 30
-8 31
-8 32
-8 33
-9 1
-9 2
-9 3
-9 4
-9 5
-9 6
-9 7
-9 8
-9 9
-9 10
-9 11
-9 12
-9 13
-9 14
-9 15
-9 16
-9 17
-9 18
-9 19
-9 20
-9 21
-9 22
-9 23
-9 24
-9 25
-9 26
-9 27
-9 28
-9 29
-9 30
-9 31
-9 32
-9 33
-10 1
-10 2
-10 3
-10 4
-10 5
-10 6
-10 7
-10 8
-10 9
-10 10
-10 11
-10 12
-10 13
-10 14
-10 15
-10 16
-10 17
-10 18
-10 19
-10 20
-10 21
-10 22
-10 23
-10 24
-10 25
-10 26
-10 27
-10 28
-10 29
-10 30
-10 31
-10 32
-10 33
-11 1
-11 2
-11 3
-11 4
-11 5
-11 6
-11 7
-11 8
-11 9
-11 10
-11 11
-11 12
-11 13
-11 14
-11 15
-11 16
-11 17
-11 18
-11 19
-11 20
-11 21
-11 22
-11 23
-11 24
-11 25
-11 26
-11 27
-11 28
-11 29
-11 30
-11 31
-11 32
-11 33
-12 1
-12 2
-12 3
-12 4
-12 5
-12 6
-12 7
-12 8
-12 9
-12 10
-12 11
-12 12
-12 13
-12 14
-12 15
-12 16
-12 17
-12 18
-12 19
-12 20
-12 21
-12 22
-12 23
-12 24
-12 25
-12 26
-12 27
-12 28
-12 29
-12 30
-12 31
-12 32
-12 33
-13 1
-13 2
-13 3
-13 4
-13 5
-13 6
-13 7
-13 8
-13 9
-13 10
-13 11
-13 12
-13 13
-13 14
-13 15
-13 16
-13 17
-13 18
-13 19
-13 20
-13 21
-13 22
-13 23
-13 24
-13 25
-13 26
-13 27
-13 28
-13 29
-13 30
-13 31
-13 32
-13 33
-14 1
-14 2
-14 3
-14 4
-14 5
-14 6
-14 7
-14 8
-14 9
-14 10
-14 11
-14 12
-14 13
-14 14
-14 15
-14 16
-14 17
-14 18
-14 19
-14 20
-14 21
-14 22
-14 23
-14 24
-14 25
-14 26
-14 27
-14 28
-14 29
-14 30
-14 31
-14 32
-14 33
-15 1
-15 2
-15 3
-15 4
-15 5
-15 6
-15 7
-15 8
-15 9
-15 10
-15 11
-15 12
-15 13
-15 14
-15 15
-15 16
-15 17
-15 18
-15 19
-15 20
-15 21
-15 22
-15 23
-15 24
-15 25
-15 26
-15 27
-15 28
-15 29
-15 30
-15 31
-15 32
-15 33
-16 1
-16 2
-16 3
-16 4
-16 5
-16 6
-16 7
-16 8
-16 9
-16 10
-16 11
-16 12
-16 13
-16 14
-16 15
-16 16
-16 17
-16 18
-16 19
-16 20
-16 21
-16 22
-16 23
-16 24
-16 25
-16 26
-16 27
-16 28
-16 29
-16 30
-16 31
-16 32
-16 33
-17 1
-17 2
-17 3
-17 4
-17 5
-17 6
-17 7
-17 8
-17 9
-17 10
-17 11
-17 12
-17 13
-17 14
-17 15
-17 16
-17 17
-17 18
-17 19
-17 20
-17 21
-17 22
-17 23
-17 24
-17 25
-17 26
-17 27
-17 28
-17 29
-17 30
-17 31
-17 32
-17 33
-18 1
-18 2
-18 3
-18 4
-18 5
-18 6
-18 7
-18 8
-18 9
-18 10
-18 11
-18 12
-18 13
-18 14
-18 15
-18 16
-18 17
-18 18
-18 19
-18 20
-18 21
-18 22
-18 23
-18 24
-18 25
-18 26
-18 27
-18 28
-18 29
-18 30
-18 31
-18 32
-18 33
-19 1
-19 2
-19 3
-19 4
-19 5
-19 6
-19 7
-19 8
-19 9
-19 10
-19 11
-19 12
-19 13
-19 14
-19 15
-19 16
-19 17
-19 18
-19 19
-19 20
-19 21
-19 22
-19 23
-19 24
-19 25
-19 26
-19 27
-19 28
-19 29
-19 30
-19 31
-19 32
-19 33
-20 1
-20 2
-20 3
-20 4
-20 5
-20 6
-20 7
-20 8
-20 9
-20 10
-20 11
-20 12
-20 13
-20 14
-20 15
-20 16
-20 17
-20 18
-20 19
-20 20
-20 21
-20 22
-20 23
-20 24
-20 25
-20 26
-20 27
-20 28
-20 29
-20 30
-20 31
-20 32
-20 33
-21 1
-21 2
-21 3
-21 4
-21 5
-21 6
-21 7
-21 8
-21 9
-21 10
-21 11
-21 12
-21 13
-21 14
-21 15
-21 16
-21 17
-21 18
-21 19
-21 20
-21 21
-21 22
-21 23
-21 24
-21 25
-21 26
-21 27
-21 28
-21 29
-21 30
-21 31
-21 32
-21 33
-22 1
-22 2
-22 3
-22 4
-22 5
-22 6
-22 7
-22 8
-22 9
-22 10
-22 11
-22 12
-22 13
-22 14
-22 15
-22 16
-22 17
-22 18
-22 19
-22 20
-22 21
-22 22
-22 23
-22 24
-22 25
-22 26
-22 27
-22 28
-22 29
-22 30
-22 31
-22 32
-22 33
-23 1
-23 2
-23 3
-23 4
-23 5
-23 6
-23 7
-23 8
-23 9
-23 10
-23 11
-23 12
-23 13
-23 14
-23 15
-23 16
-23 17
-23 18
-23 19
-23 20
-23 21
-23 22
-23 23
-23 24
-23 25
-23 26
-23 27
-23 28
-23 29
-23 30
-23 31
-23 32
-23 33
-24 1
-24 2
-24 3
-24 4
-24 5
-24 6
-24 7
-24 8
-24 9
-24 10
-24 11
-24 12
-24 13
-24 14
-24 15
-24 16
-24 17
-24 18
-24 19
-24 20
-24 21
-24 22
-24 23
-24 24
-24 25
-24 26
-24 27
-24 28
-24 29
-24 30
-24 31
-24 32
-24 33
-25 1
-25 2
-25 3
-25 4
-25 5
-25 6
-25 7
-25 8
-25 9
-25 10
-25 11
-25 12
-25 13
-25 14
-25 15
-25 16
-25 17
-25 18
-25 19
-25 20
-25 21
-25 22
-25 23
-25 24
-25 25
-25 26
-25 27
-25 28
-25 29
-25 30
-25 31
-25 32
-25 33
-26 1
-26 2
-26 3
-26 4
-26 5
-26 6
-26 7
-26 8
-26 9
-26 10
-26 11
-26 12
-26 13
-26 14
-26 15
-26 16
-26 17
-26 18
-26 19
-26 20
-26 21
-26 22
-26 23
-26 24
-26 25
-26 26
-26 27
-26 28
-26 29
-26 30
-26 31
-26 32
-26 33
-27 1
-27 2
-27 3
-27 4
-27 5
-27 6
-27 7
-27 8
-27 9
-27 10
-27 11
-27 12
-27 13
-27 14
-27 15
-27 16
-27 17
-27 18
-27 19
-27 20
-27 21
-27 22
-27 23
-27 24
-27 25
-27 26
-27 27
-27 28
-27 29
-27 30
-27 31
-27 32
-27 33
-28 1
-28 2
-28 3
-28 4
-28 5
-28 6
-28 7
-28 8
-28 9
-28 10
-28 11
-28 12
-28 13
-28 14
-28 15
-28 16
-28 17
-28 18
-28 19
-28 20
-28 21
-28 22
-28 23
-28 24
-28 25
-28 26
-28 27
-28 28
-28 29
-28 30
-28 31
-28 32
-28 33
-29 1
-29 2
-29 3
-29 4
-29 5
-29 6
-29 7
-29 8
-29 9
-29 10
-29 11
-29 12
-29 13
-29 14
-29 15
-29 16
-29 17
-29 18
-29 19
-29 20
-29 21
-29 22
-29 23
-29 24
-29 25
-29 26
-29 27
-29 28
-29 29
-29 30
-29 31
-29 32
-29 33
-30 1
-30 2
-30 3
-30 4
-30 5
-30 6
-30 7
-30 8
-30 9
-30 10
-30 11
-30 12
-30 13
-30 14
-30 15
-30 16
-30 17
-30 18
-30 19
-30 20
-30 21
-30 22
-30 23
-30 24
-30 25
-30 26
-30 27
-30 28
-30 29
-30 30
-30 31
-30 32
-30 33
-31 1
-31 2
-31 3
-31 4
-31 5
-31 6
-31 7
-31 8
-31 9
-31 10
-31 11
-31 12
-31 13
-31 14
-31 15
-31 16
-31 17
-31 18
-31 19
-31 20
-31 21
-31 22
-31 23
-31 24
-31 25
-31 26
-31 27
-31 28
-31 29
-31 30
-31 31
-31 32
-31 33
-32 1
-32 2
-32 3
-32 4
-32 5
-32 6
-32 7
-32 8
-32 9
-32 10
-32 11
-32 12
-32 13
-32 14
-32 15
-32 16
-32 17
-32 18
-32 19
-32 20
-32 21
-32 22
-32 23
-32 24
-32 25
-32 26
-32 27
-32 28
-32 29
-32 30
-32 31
-32 32
-32 33
-33 1
-33 2
-33 3
-33 4
-33 5
-33 6
-33 7
-33 8
-33 9
-33 10
-33 11
-33 12
-33 13
-33 14
-33 15
-33 16
-33 17
-33 18
-33 19
-33 20
-33 21
-33 22
-33 23
-33 24
-33 25
-33 26
-33 27
-33 28
-33 29
-33 30
-33 31
-33 32
-33 33
1 -1
1 -2
1 -3
1 -4
1 -5
1 -6
1 -7
1 -8
1 -9
1 -10
1 -11
1 -12
1 -13
1 -14
1 -15
1 -16
1 -17
1 -18
1 -19
1 -20
1 -21
1 -22
1 -23
1 -24
1 -25
1 -26
1 -27
1 -28
1 -29
1 -30
1 -31
1 -32
2 -1
2 -2
2 -3
2 -4
2 -5
2 -6
2 -7
2 -8
2 -9
2 -10
2 -11
2 -12
2 -13
2 -14
2 -15
2 -16
2 -17
2 -18
2 -19
2 -20
2 -21
2 -22
2 -23
2 -24
2 -25
2 -26
2 -27
2 -28
2 -29
2 -30
2 -31
2 -32
3 -1
3 -2
3 -3
3 -4
3 -5
3 -6
3 -7
3 -8
3 -9
3 -10
3 -11
3 -12
3 -13
3 -14
3 -15
3 -16
3 -17
3 -18
3 -19
3 -20
3 -21
3 -22
3 -23
3 -24
3 -25
3 -26
3 -27
3 -28
3 -29
3 -30
3 -31
3 -32
4 -1
4 -2
4 -3
4 -4
4 -5
4 -6
4 -7
4 -8
4 -9
4 -10
4 -11
4 -12
4 -13
4 -14
4 -15
4 -16
4 -17
4 -18
4 -19
4 -20
4 -21
4 -22
4 -23
4 -24
4 -25
4 -26
4 -27
4 -28
4 -29
4 -30
4 -31
4 -32
5 -1
5 -2
5 -3
5 -4
5 -5
5 -6
5 -7
5 -8
5 -9
5 -10
5 -11
5 -12
5 -13
5 -14
5 -15
5 -16
5 -17
5 -18
5 -19
5 -20
5 -21
5 -22
5 -23
5 -24
5 -25
5 -26
5 -27
5 -28
5 -29
5 -30
5 -31
5 -32
6 -1
6 -2
6 -3
6 -4
6 -5
6 -6
6 -7
6 -8
6 -9
6 -10
6 -11
6 -12
6 -13
6 -14
6 -15
6 -16
6 -17
6 -18
6 -19
6 -20
6 -21
6 -22
6 -23
6 -24
6 -25
6 -26
6 -27
6 -28
6 -29
6 -30
6 -31
6 -32
7 -1
7 -2
7 -3
7 -4
7 -5
7 -6
7 -7
7 -8
7 -9
7 -10
7 -11
7 -12
7 -13
7 -14
7 -15
7 -16
7 -17
7 -18
7 -19
7 -20
7 -21
7 -22
7 -23
7 -24
7 -25
7 -26
7 -27
7 -28
7 -29
7 -30
7 -31
7 -32
8 -1
8 -2
8 -3
8 -4
8 -5
8 -6
8 -7
8 -8
8 -9
8 -10
8 -11
8 -12
8 -13
8 -14
8 -15
8 -16
8 -17
8 -18
8 -19
8 -20
8 -21
8 -22
8 -23
8 -24
8 -25
8 -26
8 -27
8 -28
8 -29
8 -30
8 -31
8 -32
9 -1
9 -2
9 -3
9 -4
9 -5
9 -6
9 -7
9 -8
9 -9
9 -10
9 -11
9 -12
9 -13
9 -14
9 -15
9 -16
9 -17
9 -18
9 -19
9 -20
9 -21
9 -22
9 -23
9 -24
9 -25
9 -26
9 -27
9 -28
9 -29
9 -30
9 -31
9 -32
10 -1
10 -2
10 -3
10 -4
10 -5
10 -6
10 -7
10 -8
10 -9
10 -10
10 -11
10 -12
10 -13
10 -14
10 -15
10 -16
10 -17
10 -18
10 -19
10 -20
10 -21
10 -22
10 -23
10 -24
10 -25
10 -26
10 -27
10 -28
10 -29
10 -30
10 -31
10 -32
11 -1
11 -2
11 -3
11 -4
11 -5
11 -6
11 -7
11 -8
11 -9
11 -10
11 -11
11 -12
11 -13
11 -14
11 -15
11 -16
11 -17
11 -18
11 -19
11 -20
11 -21
11 -22
11 -23
11 -24
11 -25
11 -26
11 -27
11 -28
11 -29
11 -30
11 -31
11 -32
12 -1
12 -2
12 -3
12 -4
12 -5
12 -6
12 -7
12 -8
12 -9
12 -10
12 -11
12 -12
12 -13
12 -14
12 -15
12 -16
12 -17
12 -18
12 -19
12 -20
12 -21
12 -22
12 -23
12 -24
12 -25
12 -26
12 -27
12 -28
12 -29
12 -30
12 -31
12 -32
13 -1
13 -2
13 -3
13 -4
13 -5
13 -6
13 -7
13 -8
13 -9
13 -10
13 -11
13 -12
13 -13
13 -14
13 -15
13 -16
13 -17
13 -18
13 -19
13 -20
13 -21
13 -22
13 -23
13 -24
13 -25
13 -26
13 -27
13 -28
13 -29
13 -30
13 -31
13 -32
14 -1
14 -2
14 -3
14 -4
14 -5
14 -6
14 -7
14 -8
14 -9
14 -10
14 -11
14 -12
14 -13
14 -14
14 -15
14 -16
14 -17
14 -18
14 -19
14 -20
14 -21
14 -22
14 -23
14 -24
14 -25
14 -26
14 -27
14 -28
14 -29
14 -30
14 -31
14 -32
15 -1
15 -2
15 -3
15 -4
15 -5
15 -6
15 -7
15 -8
15 -9
15 -10
15 -11
15 -12
15 -13
15 -14
15 -15
15 -16
15 -17
15 -18
15 -19
15 -20
15 -21
15 -22
15 -23
15 -24
15 -25
15 -26
15 -27
15 -28
15 -29
15 -30
15 -31
15 -32
16 -1
16 -2
16 -3
16 -4
16 -5
16 -6
16 -7
16 -8
16 -9
16 -10
16 -11
16 -12
16 -13
16 -14
16 -15
16 -16
16 -17
16 -18
16 -19
16 -20
16 -21
16 -22
16 -23
16 -24
16 -25
16 -26
16 -27
16 -28
16 -29
16 -30
16 -31
16 -32
17 -1
17 -2
17 -3
17 -4
17 -5
17 -6
17 -7
17 -8
17 -9
17 -10
17 -11
17 -12
17 -13
17 -14
17 -15
17 -16
17 -17
17 -18
17 -19
17 -20
17 -21
17 -22
17 -23
17 -24
17 -25
17 -26
17 -27
17 -28
17 -29
17 -30
17 -31
17 -32
18 -1
18 -2
18 -3
18 -4
18 -5
18 -6
18 -7
18 -8
18 -9
18 -10
18 -11
18 -12
18 -13
18 -14
18 -15
18 -16
18 -17
18 -18
18 -19
18 -20
18 -21
18 -22
18 -23
18 -24
18 -25
18 -26
18 -27
18 -28
18 -29
18 -30
18 -31
18 -32
19 -1
19 -2
19 -3
19 -4
19 -5
19 -6
19 -7
19 -8
19 -9
19 -10
19 -11
19 -12
19 -13
19 -14
19 -15
19 -16
19 -17
19 -18
19 -19
19 -20
19 -21
19 -22
19 -23
19 -24
19 -25
19 -26
19 -27
19 -28
19 -29
19 -30
19 -31
19 -32
20 -1
20 -2
20 -3
20 -4
20 -5
20 -6
20 -7
20 -8
20 -9
20 -10
20 -11
20 -12
20 -13
20 -14
20 -15
20 -16
20 -17
20 -18
20 -19
20 -20
20 -21
20 -22
20 -23
20 -24
20 -25
20 -26
20 -27
20 -28
20 -29
20 -30
20 -31
20 -32
21 -1
21 -2
21 -3
21 -4
21 -5
21 -6
21 -7
21 -8
21 -9
21 -10
21 -11
21 -12
21 -13
21 -14
21 -15
21 -16
21 -17
21 -18
21 -19
21 -20
21 -21
21 -22
21 -23
21 -24
21 -25
21 -26
21 -27
21 -28
21 -29
21 -30
21 -31
21 -32
22 -1
22 -2
22 -3
22 -4
22 -5
22 -6
22 -7
22 -8
22 -9
22 -10
22 -11
22 -12
22 -13
22 -14
22 -15
22 -16
22 -17
22 -18
22 -19
22 -20
22 -21
22 -22
22 -23
22 -24
22 -25
22 -26
22 -27
22 -28
22 -29
22 -30
22 -31
22 -32
23 -1
23 -2
23 -3
23 -4
23 -5
23 -6
23 -7
23 -8
23 -9
23 -10
23 -11
23 -12
23 -13
23 -14
23 -15
23 -16
23 -17
23 -18
23 -19
23 -20
23 -21
23 -22
23 -23
23 -24
23 -25
23 -26
23 -27
23 -28
23 -29
23 -30
23 -31
23 -32
24 -1
24 -2
24 -3
24 -4
24 -5
24 -6
24 -7
24 -8
24 -9
24 -10
24 -11
24 -12
24 -13
24 -14
24 -15
24 -16
24 -17
24 -18
24 -19
24 -20
24 -21
24 -22
24 -23
24 -24
24 -25
24 -26
24 -27
24 -28
24 -29
24 -30
24 -31
24 -32
25 -1
25 -2
25 -3
25 -4
25 -5
25 -6
25 -7
25 -8
25 -9
25 -10
25 -11
25 -12
25 -13
25 -14
25 -15
25 -16
25 -17
25 -18
25 -19
25 -20
25 -21
25 -22
25 -23
25 -24
25 -25
25 -26
25 -27
25 -28
25 -29
25 -30
25 -31
25 -32
26 -1
26 -2
26 -3
26 -4
26 -5
26 -6
26 -7
26 -8
26 -9
26 -10
26 -11
26 -12
26 -13
26 -14
26 -15
26 -16
26 -17
26 -18
26 -19
26 -20
26 -21
26 -22
26 -23
26 -24
26 -25
26 -26
26 -27
26 -28
26 -29
26 -30
26 -31
26 -32
27 -1
27 -2
27 -3
27 -4
27 -5
27 -6
27 -7
27 -8
27 -9
27 -10
27 -11
27 -12
27 -13
27 -14
27 -15
27 -16
27 -17
27 -18
27 -19
27 -20
27 -21
27 -22
27 -23
27 -24
27 -25
27 -26
27 -27
27 -28
27 -29
27 -30
27 -31
27 -32
28 -1
28 -2
28 -3
28 -4
28 -5
28 -6
28 -7
28 -8
28 -9
28 -10
28 -11
28 -12
28 -13
28 -14
28 -15
28 -16
28 -17
28 -18
28 -19
28 -20
28 -21
28 -22
28 -23
28 -24
28 -25
28 -26
28 -27
28 -28
28 -29
28 -30
28 -31
28 -32
29 -1
29 -2
29 -3
29 -4
29 -5
29 -6
29 -7
29 -8
29 -9
29 -10
29 -11
29 -12
29 -13
29 -14
29 -15
29 -16
29 -17
29 -18
29 -19
29 -20
29 -21
29 -22
29 -23
29 -24
29 -25
29 -26
29 -27
29 -28
29 -29
29 -30
29 -31
29 -32
30 -1
30 -2
30 -3
30 -4
30 -5
30 -6
30 -7
30 -8
30 -9
30 -10
30 -11
30 -12
30 -13
30 -14
30 -15
30 -16
30 -17
30 -18
30 -19
30 -20
30 -21
30 -22
30 -23
30 -24
30 -25
30 -26
30 -27
30 -28
30 -29
30 -30
30 -31
30 -32
31 -1
31 -2
31 -3
31 -4
31 -5
31 -6
31 -7
31 -8
31 -9
31 -10
31 -11
31 -12
31 -13
31 -14
31 -15
31 -16
31 -17
31 -18
31 -19
31 -20
31 -21
31 -22
31 -23
31 -24
31 -25
31 -26
31 -27
31 -28
31 -29
31 -30
31 -31
31 -32
32 -1
32 -2
32 -3
32 -4
32 -5
32 -6
32 -7
32 -8
32 -9
32 -10
32 -11
32 -12
32 -13
32 -14
32 -15
32 -16
32 -17
32 -18
32 -19
32 -20
32 -21
32 -22
32 -23
32 -24
32 -25
32 -26
32 -27
32 -28
32 -29
32 -30
32 -31
32 -32
33 -1
33 -2
33 -3
33 -4
33 -5
33 -6
33 -7
33 -8
33 -9
33 -10
33 -11
33 -12
33 -13
33 -14
33 -15
33 -16
33 -17
33 -18
33 -19
33 -20
33 -21
33 -22
33 -23
33 -24
33 -25
33 -26
33 -27
33 -28
33 -29
33 -30
33 -31
33 -32
99
0 0
1 1
2 2
3 3
4 4
5 5
6 6
7 7
8 8
9 9
10 10
11 11
12 12
13 13
14 14
15 15
16 16
17 17
18 18
19 19
20 20
21 21
22 22
23 23
24 24
25 25
26 26
27 27
28 28
29 29
30 30
31 31
32 32
33 33
34 34
35 35
36 36
37 37
38 38
39 39
40 40
41 41
42 42
43 43
44 44
45 45
46 46
47 47
48 48
49 49
50 50
51 51
52 52
53 53
54 54
55 55
56 56
57 57
58 58
59 59
60 60
61 61
62 62
63 63
64 64
65 65
66 66
67 67
68 68
69 69
70 70
71 71
72 72
73 73
74 74
75 75
76 76
77 77
78 78
79 79
80 80
81 81
82 82
83 83
84 84
85 85
86 86
87 87
88 88
89 89
90 90
91 91
92 92
93 93
94 94
95 95
96 96
97 97
98 98
99
0 0
1 -1
2 -2
3 -3
4 -4
5 -5
6 -6
7 -7
8 -8
9 -9
10 -10
11 -11
12 -12
13 -13
14 -14
15 -15
16 -16
17 -17
18 -18
19 -19
20 -20
21 -21
22 -22
23 -23
24 -24
25 -25
26 -26
27 -27
28 -28
29 -29
30 -30
31 -31
32 -32
33 -33
34 -34
35 -35
36 -36
37 -37
38 -38
39 -39
40 -40
41 -41
42 -42
43 -43
44 -44
45 -45
46 -46
47 -47
48 -48
49 -49
50 -50
51 -51
52 -52
53 -53
54 -54
55 -55
56 -56
57 -57
58 -58
59 -59
60 -60
61 -61
62 -62
63 -63
64 -64
65 -65
66 -66
67 -67
68 -68
69 -69
70 -70
71 -71
72 -72
73 -73
74 -74
75 -75
76 -76
77 -77
78 -78
79 -79
80 -80
81 -81
82 -82
83 -83
84 -84
85 -85
86 -86
87 -87
88 -88
89 -89
90 -90
91 -91
92 -92
93 -93
94 -94
95 -95
96 -96
97 -97
98 -98
99
0 0
0 1
0 2
0 3
0 4
0 5
0 6
0 7
0 8
0 9
0 10
0 11
0 12
0 13
0 14
0 15
0 16
0 17
0 18
0 19
0 20
0 21
0 22
0 23
0 24
0 25
0 26
0 27
0 28
0 29
0 30
0 31
0 32
0 33
0 34
0 35
0 36
0 37
0 38
0 39
0 40
0 41
0 42
0 43
0 44
0 45
0 46
0 47
0 48
0 49
0 50
0 51
0 52
0 53
0 54
0 55
0 56
0 57
0 58
0 59
0 60
0 61
0 62
0 63
0 64
0 65
0 66
0 67
0 68
0 69
0 70
0 71
0 72
0 73
0 74
0 75
0 76
0 77
0 78
0 79
0 80
0 81
0 82
0 83
0 84
0 85
0 86
0 87
0 88
0 89
0 90
0 91
0 92
0 93
0 94
0 95
0 96
0 97
0 98
99
0 0
1 0
2 0
3 0
4 0
5 0
6 0
7 0
8 0
9 0
10 0
11 0
12 0
13 0
14 0
15 0
16 0
17 0
18 0
19 0
20 0
21 0
22 0
23 0
24 0
25 0
26 0
27 0
28 0
29 0
30 0
31 0
32 0
33 0
34 0
35 0
36 0
37 0
38 0
39 0
40 0
41 0
42 0
43 0
44 0
45 0
46 0
47 0
48 0
49 0
50 0
51 0
52 0
53 0
54 0
55 0
56 0
57 0
58 0
59 0
60 0
61 0
62 0
63 0
64 0
65 0
66 0
67 0
68 0
69 0
70 0
71 0
72 0
73 0
74 0
75 0
76 0
77 0
78 0
79 0
80 0
81 0
82 0
83 0
84 0
85 0
86 0
87 0
88 0
89 0
90 0
91 0
92 0
93 0
94 0
95 0
96 0
97 0
98 0
0
