-650 475 3815
-210 323 3039
17
51 278 776 -608
555 472 306 -431
175 534 -646 -761
347 667 -76 -524
203 766 -669 609
510 600 734 -423
915 215 -51 -76
726 66 -580 -895
726 886 -473 169
572 347 177 719
213 978 -679 -223
165 232 595 901
426 819 104 276
523 624 71 313
661 442 -2 768
571 404 -149 314
731 451 -1000 631
791 215 4561
-10 278 5694
21
692 132 28 -398
851 799 -490 -885
539 445 377 530
543 28 -478 422
640 994 773 -926
349 454 -513 -188
428 648 35 644
405 165 -604 914
186 146 -2 589
253 255 -456 -90
465 899 26 305
174 866 -748 -242
801 146 51 -697
567 427 365 686
437 188 214 206
399 974 206 843
895 209 -82 717
588 795 -995 -1000
910 11 -327 527
675 795 -269 834
519 883 -897 80
-292 -286 1569
-219 326 2501
78
184 225 -527 90
707 801 -610 -488
988 725 386 -460
698 836 -720 516
204 304 -193 720
139 685 -333 -148
508 867 -643 -688
902 345 743 880
45 534 -469 -866
827 588 -843 355
968 836 -530 -484
342 31 -862 -522
392 681 -84 -979
341 67 631 173
694 542 -838 -606
322 727 -320 903
692 514 -908 -687
186 155 562 263
696 408 24 968
909 782 840 -299
402 945 -590 -34
905 107 -30 -801
200 324 -880 -1000
388 539 682 -34
488 245 -376 112
515 620 -994 -241
314 860 -195 912
238 649 767 -906
950 411 -498 110
179 218 -400 -175
795 922 863 884
907 953 594 -179
512 45 651 -130
826 844 494 794
579 250 -982 -408
409 917 363 -116
355 773 -112 984
240 355 703 554
885 756 357 442
659 593 -20 824
495 533 -279 -862
282 117 878 -341
278 31 218 662
440 860 278 -76
379 851 541 660
692 10 -655 831
320 539 -658 -94
520 632 -485 -688
566 359 183 -94
808 662 -577 699
412 20 313 -247
211 570 738 414
849 119 973 329
597 486 -703 -102
406 967 -18 485
335 288 683 523
701 815 68 460
215 422 -132 -658
252 143 -231 551
126 754 -850 284
371 106 -876 -577
1000 412 503 804
870 732 -97 -173
501 223 -630 -747
572 647 -41 -436
679 573 357 470
957 610 912 854
337 160 -484 15
447 533 824 28
998 920 305 959
825 826 762 -418
397 738 569 152
643 963 896 347
908 634 -462 608
270 879 -358 579
508 398 -40 911
402 814 -658 788
476 71 385 -64
-807 356 4316
872 242 4817
19
249 575 993 497
937 229 -148 119
310 342 -487 -433
175 243 -80 443
710 562 -604 -343
389 841 -517 668
768 16 914 343
238 995 633 393
157 814 -817 7
162 421 337 703
660 383 890 -373
418 688 529 -907
899 858 543 -76
295 643 -427 707
270 617 -967 401
297 676 -783 997
983 803 -536 -469
715 29 350 -317
267 216 23 -850
-414 -565 1888
-631 518 22
94
170 402 237 907
200 525 -508 824
258 724 -951 -568
683 559 -40 654
987 907 -191 740
647 34 206 -865
366 721 -586 -217
472 657 820 -731
440 986 -525 251
675 160 -44 -943
284 314 -655 -754
534 715 674 254
516 40 865 -499
72 885 -427 407
791 920 -650 576
978 918 596 104
939 303 -991 452
289 422 768 -739
345 459 -124 92
598 23 426 911
896 501 -214 47
623 440 740 -742
213 210 -74 -721
697 657 74 -907
20 254 -585 770
10 347 -540 24
482 923 -662 -202
420 958 -989 -522
684 555 -35 399
979 966 -214 -787
934 860 -85 754
78 472 953 706
859 384 856 35
319 858 -884 334
406 115 608 164
331 412 -646 -794
70 909 -679 -933
680 374 125 -871
653 233 -308 -241
926 519 719 61
101 801 116 -874
414 603 -925 -908
306 88 -333 233
366 304 452 546
271 149 276 628
72 11 -427 -888
697 52 229 -313
925 951 -951 -349
206 113 827 194
182 635 -435 -760
919 67 -43 -67
859 110 587 -249
953 458 373 -42
809 256 -31 -521
25 853 -967 6
36 39 16 -347
357 709 -816 635
410 94 -673 587
925 284 -751 -188
290 893 527 -643
416 700 68 930
117 974 -20 160
199 310 -696 35
772 818 605 -394
61 233 896 701
773 262 249 11
160 435 667 -889
590 13 -721 -834
412 892 559 710
723 128 767 -649
1000 416 -381 -687
108 957 -512 643
620 898 -494 120
833 571 -304 -595
215 851 472 -562
608 943 -754 -249
811 757 322 -874
837 426 752 -40
379 293 -804 148
927 864 -14 218
597 61 -235 860
617 297 527 -763
662 796 -719 852
176 158 818 642
558 633 -151 -698
535 421 -172 827
538 380 -572 -307
57 209 131 485
430 708 -837 -364
373 108 -750 44
664 644 236 -895
818 640 822 239
279 459 962 -310
432 369 199 -677
629 83 2605
630 763 8850
3
751 858 863 -703
54 458 131 -464
454 477 -883 803
751 647 2816
962 -493 383
12
17 989 -523 -835
451 341 320 811
760 888 -905 587
962 358 -807 530
158 44 279 -103
638 147 317 242
342 961 566 -298
520 485 -463 -2
50 575 -217 -779
932 648 -848 -773
757 74 21 -981
47 869 -313 -131
-61 -572 1988
-913 471 1781
2
728 21 -19 329
840 345 -798 -290
-484 -418 3661
911 689 7531
39
883 608 601 -103
148 367 485 -778
402 834 272 992
188 86 545 794
787 376 -148 581
251 421 903 459
14 303 -351 -474
747 183 -744 -407
78 745 68 508
73 342 623 -986
842 514 245 82
410 147 -157 -616
346 353 -679 629
171 572 15 -292
901 369 758 643
611 234 414 -190
672 43 533 898
937 151 881 -391
278 300 826 -337
983 601 -317 -430
829 423 -316 774
835 304 73 -253
662 899 -754 -376
906 481 641 3
372 509 -940 -632
193 690 439 -438
683 518 46 -781
986 536 452 -464
329 173 -217 -75
987 79 -708 380
184 144 206 -843
597 169 722 -156
807 433 -541 -406
397 517 821 -997
657 83 644 452
754 28 -118 -96
370 541 -184 506
391 144 -927 -968
307 917 193 313
-23 -688 3451
-740 293 5991
91
643 373 -736 -525
117 16 -834 -535
182 714 -139 758
571 607 -469 585
632 185 872 104
857 825 -271 365
490 215 9 218
548 536 -116 -750
982 84 565 -175
57 524 -859 219
235 666 -589 505
863 192 308 858
213 619 118 583
740 163 118 673
210 571 796 141
355 689 739 839
719 11 -790 -460
60 681 -840 166
605 752 682 533
877 478 359 947
956 371 -571 648
931 111 -538 -311
402 526 383 -388
609 392 -778 -122
253 393 -586 218
200 237 -563 518
713 239 847 -710
874 578 -394 756
941 51 741 -457
176 918 738 -348
593 207 -216 -799
99 211 17 752
145 966 511 567
120 255 -946 370
939 142 -979 849
760 204 -340 853
879 527 857 -568
187 405 986 533
280 460 -583 -679
973 564 839 566
946 650 962 235
876 825 -445 956
314 212 160 -811
216 933 131 -883
673 119 339 -940
608 495 602 678
206 655 486 -452
380 439 -193 889
805 839 -951 194
306 603 587 -565
434 393 -130 -487
921 407 86 239
302 675 -652 -804
856 145 926 -484
284 595 -302 -335
989 443 770 17
255 698 -275 359
241 399 -747 982
683 310 -294 194
688 411 -362 -628
604 966 491 -628
431 963 659 817
206 66 -695 -886
389 575 423 701
882 550 -86 347
364 998 748 983
200 154 -286 71
387 142 -304 326
301 893 503 833
195 731 -583 755
437 970 -790 275
268 575 181 237
63 711 -578 -810
904 578 -674 968
596 54 606 763
720 40 943 -436
777 997 421 535
640 341 15 -463
33 454 935 541
341 472 -830 181
745 490 955 -625
130 360 417 -616
504 801 -706 -140
863 280 -301 570
507 87 -849 -457
106 870 -367 -952
719 182 210 35
268 466 198 -795
405 323 392 710
428 12 525 -673
796 936 525 897
70 -898 4945
-22 41 9531
42
611 455 743 276
887 145 -767 -679
255 496 -856 -200
912 594 -113 701
451 754 386 -218
976 265 -730 613
568 827 -586 -687
945 459 354 169
851 984 135 -511
396 56 -984 -795
45 463 648 -436
430 276 -229 -25
614 547 398 521
647 686 -71 -808
426 420 -796 356
501 806 -891 542
598 481 874 402
199 173 125 -915
115 805 -930 58
891 747 191 440
642 120 -701 -265
561 37 138 -508
261 594 -286 -871
105 155 548 -712
690 725 337 92
169 381 171 191
834 823 597 -298
62 32 -437 -330
390 793 -994 -856
840 762 509 -507
202 766 653 835
654 112 503 773
442 782 738 -789
967 294 965 774
262 107 -947 -332
874 682 426 490
563 573 990 950
111 438 -126 457
253 910 -299 595
300 646 689 44
252 600 549 -682
799 981 41 -766
885 227 4977
110 -100 7878
41
891 986 -408 -707
110 736 809 839
911 696 139 -674
518 903 -247 -835
360 751 536 -331
53 216 -928 365
225 349 -914 -921
194 381 -528 895
839 809 -148 -622
415 428 -70 -484
720 27 847 -733
752 302 656 770
183 509 311 15
548 929 -399 526
225 568 -265 361
962 172 872 38
334 757 -268 -847
728 678 45 -112
871 784 -13 -503
340 100 633 -574
183 989 -854 22
383 563 711 131
291 263 -125 -427
767 247 -445 -826
799 482 -622 347
53 745 -583 17
129 901 468 -176
202 821 -699 302
905 341 -379 491
221 486 476 116
925 360 -808 600
125 677 426 866
860 784 -349 104
264 790 -349 -40
897 603 158 -721
755 10 663 -66
334 123 87 -700
123 823 974 -919
470 590 -454 -723
818 657 799 -129
238 581 822 -382
-74 -656 1665
-976 -367 3274
9
663 992 -886 -709
525 538 770 341
487 777 890 417
13 462 -61 476
964 397 -182 -796
928 985 -191 -385
568 604 -55 710
277 789 522 147
226 508 -924 -373
364 -739 3350
704 -514 6483
5
852 605 -172 898
602 497 840 -991
942 612 -287 730
179 824 824 -930
478 968 -535 -815
764 -436 4087
-793 897 547
89
415 586 958 -951
292 274 737 -99
114 827 509 955
598 610 -711 457
465 772 -445 646
773 709 -178 -898
93 950 -166 -655
76 57 -552 341
769 387 -325 25
312 171 265 -376
722 710 410 -82
375 748 -583 -244
150 734 -314 -764
570 384 -659 197
899 615 -519 120
176 745 -869 -260
166 17 500 -746
709 251 -348 -306
870 411 -396 450
381 137 -793 -34
266 765 507 962
713 345 140 584
963 102 881 -229
368 53 -793 -175
384 213 -987 18
895 437 151 -593
685 53 167 -121
565 846 818 380
439 76 972 -546
467 388 824 555
113 630 -47 608
664 934 564 112
778 691 862 474
111 488 641 -352
655 657 11 393
945 780 495 106
828 442 716 536
222 742 -772 99
917 624 216 -593
794 712 113 -808
524 214 188 482
924 137 378 153
118 824 -831 -25
938 664 -971 521
213 69 -214 -514
465 711 -333 -805
21 281 -88 -313
862 109 934 -815
754 562 879 -631
76 400 718 65
77 49 474 163
979 546 -225 -640
808 731 354 -148
407 682 700 416
485 850 798 -345
31 511 131 -453
996 491 -334 526
624 177 -1000 455
889 951 795 -859
488 89 -362 -784
715 711 -793 -709
596 480 -139 -397
208 21 993 -433
210 872 795 638
907 703 340 -943
852 258 -241 137
321 795 712 761
299 636 796 -985
174 897 776 -696
909 544 -717 476
319 668 761 -985
401 166 897 986
335 990 -669 791
982 797 -247 -843
453 214 -421 792
720 839 305 699
805 465 15 -22
227 61 188 854
517 205 128 282
915 207 -401 758
334 124 -976 -634
133 967 -864 236
613 555 218 -841
972 65 -240 -42
663 526 679 846
928 850 645 132
702 248 -121 -274
58 626 -850 -482
665 303 862 543
-402 -450 4629
716 915 4357
6
723 1000 932 122
884 721 -127 657
13 358 185 173
873 244 -743 -751
565 552 356 -412
972 514 886 -960
-931 602 2678
596 -679 4431
1
880 689 -498 -964
-982 -391 3923
-897 468 6951
57
296 257 608 356
526 19 -702 335
231 23 -232 854
401 201 521 24
995 89 762 -631
148 725 -195 434
530 382 392 -251
455 96 566 442
951 627 -184 -763
956 76 -457 -731
690 408 -817 66
988 994 -397 152
748 365 72 296
618 742 149 -631
315 352 -493 268
199 79 -200 583
407 761 -446 923
876 124 565 -126
496 574 61 -596
520 655 -34 479
577 296 -91 170
851 470 234 -205
536 751 489 359
736 986 209 159
635 973 -272 -749
355 628 275 11
860 806 158 -502
871 595 748 85
770 466 7 -178
266 627 -430 504
648 447 -111 743
75 181 -961 306
743 457 -721 -922
831 604 -483 329
524 981 -273 -37
114 758 -155 563
772 944 485 959
882 680 239 -455
515 343 556 -955
302 877 173 668
547 630 711 -340
955 589 -949 -275
276 156 -926 479
133 706 993 744
985 875 77 848
406 842 476 -602
105 918 -841 -67
586 235 -404 308
630 373 299 -718
265 738 282 -943
428 166 -892 280
804 219 -969 998
957 154 719 854
164 689 509 -265
32 903 952 -999
630 969 882 726
454 181 902 239
456 -307 3655
-375 426 8835
5
567 271 950 -120
719 211 -889 554
370 333 -43 998
254 480 77 -34
780 763 416 308
422 780 3394
-694 207 172
19
184 790 -160 512
823 463 257 691
597 861 902 419
34 775 827 357
915 696 -518 37
22 766 344 -422
276 51 146 331
692 214 -490 932
964 256 306 -491
446 836 935 298
86 559 -304 98
340 959 -643 632
644 580 236 -953
197 393 -808 997
247 694 233 -866
663 281 -112 209
286 317 411 758
411 474 -889 157
539 750 169 -381
400 -63 3751
-688 410 8508
63
839 608 -899 -758
457 247 743 -792
331 50 -751 881
46 197 278 -25
213 663 136 788
62 701 -604 -44
177 562 -92 -945
289 339 -1000 47
214 155 -629 169
638 525 908 176
526 849 381 -808
220 254 155 -643
912 706 -742 -670
432 628 -809 52
614 108 -494 -319
116 588 154 270
526 824 932 998
413 48 404 -826
608 229 -163 326
861 711 -346 -183
663 686 -691 -395
690 333 159 -970
399 275 -240 -193
276 869 86 377
348 966 -412 -699
563 574 -988 650
311 273 -856 -123
822 205 -23 -406
753 1000 305 26
261 555 -745 -752
173 756 -937 -352
188 314 260 983
285 301 809 -394
80 38 -171 -865
146 804 87 -571
756 198 -420 403
802 273 -324 -457
760 624 449 322
312 903 -379 -993
296 281 114 667
221 217 -750 566
337 408 225 860
87 487 125 741
54 833 -262 662
243 630 488 350
170 362 -945 -865
558 822 125 -42
748 865 -97 662
555 756 992 721
936 750 -490 -805
105 982 779 -960
334 883 -386 -595
517 621 -16 313
37 397 -196 -623
827 801 -191 482
424 820 -213 371
682 839 470 -220
421 448 783 -271
407 395 495 380
712 717 -787 -799
209 130 -717 -809
78 716 -86 75
187 246 299 469
452 -501 4318
158 -715 3311
76
995 268 -307 349
765 964 749 -784
554 901 -193 -796
623 325 -479 900
910 382 -418 -659
614 440 -421 176
961 960 -704 -562
801 136 -962 -728
479 890 203 -41
388 784 -787 -646
768 552 788 567
22 443 218 638
102 187 420 860
467 575 329 -231
878 23 -952 -376
571 255 272 -534
29 900 -567 -185
476 116 421 -265
63 224 -277 365
588 760 948 141
201 874 -796 -134
644 966 353 517
90 528 -939 473
532 504 531 332
506 842 -911 983
173 922 -350 860
180 853 -375 -595
346 261 -921 -7
183 901 266 -61
42 899 -835 -471
373 10 -480 891
952 270 -884 -421
621 819 -593 -499
592 948 126 705
534 962 977 -658
307 795 -559 -947
640 708 -874 106
644 749 656 -194
495 844 645 269
552 747 294 -412
269 477 -226 -171
506 86 -517 698
299 404 184 341
857 575 488 -536
978 823 -799 -871
531 368 392 950
579 22 1000 460
530 41 949 -430
737 812 137 -791
984 625 527 479
685 269 909 -12
536 980 -973 369
552 48 566 684
750 383 311 -403
254 720 -498 82
265 234 -195 -250
892 419 392 535
573 985 509 293
753 945 194 34
317 678 -449 -655
19 354 -30 117
884 824 403 333
344 267 -369 449
762 967 -31 983
708 17 92 455
220 342 -93 -282
375 352 -690 -420
198 322 -333 939
761 299 362 892
540 661 229 -662
532 214 -73 374
407 971 -826 -136
521 558 513 828
571 765 157 565
934 726 -724 -481
710 565 -212 350
74 251 3089
126 255 7558
79
667 527 -364 302
897 559 -105 -126
688 393 491 563
474 124 -496 -217
928 42 872 616
225 663 -731 264
466 953 482 -109
363 480 -628 -43
242 254 -576 -203
530 394 458 -981
446 273 196 26
770 977 -479 627
773 675 944 -517
686 153 -949 350
272 927 52 44
869 135 317 534
803 920 -833 -442
480 850 -68 -543
484 509 138 693
910 321 -31 479
254 962 818 696
572 277 -100 -845
417 872 751 -916
790 759 827 -771
422 560 -579 -475
334 858 631 -171
823 366 -919 -1000
826 334 -441 711
508 75 -178 -472
549 868 -34 -985
500 403 -520 -146
600 938 -265 740
963 828 -313 794
769 181 -175 -862
133 921 920 810
242 181 -838 44
935 956 -490 425
324 475 -388 737
385 791 682 -733
191 840 -172 -109
142 769 768 492
243 65 613 -184
634 759 366 89
135 735 -361 113
561 369 189 473
553 481 -275 -319
892 673 808 779
594 854 -928 -769
327 619 -946 -594
52 82 863 896
73 835 881 -349
369 371 378 789
764 779 -403 -262
366 703 -153 -712
968 593 -721 344
624 50 686 -628
160 807 159 -427
900 779 -596 -949
998 193 45 384
584 814 -798 -223
884 459 -140 112
831 55 968 -377
924 833 -487 -899
671 39 -66 611
975 360 29 498
784 551 -239 221
231 425 -17 -822
902 902 283 -539
901 174 -517 -773
269 513 0 863
922 955 -352 -633
385 134 587 836
982 95 -392 -604
480 744 -101 -297
293 532 785 178
679 757 -594 -728
740 921 -894 272
236 37 388 699
908 970 887 -840
-616 706 1122
290 374 5759
6
369 626 -367 -679
271 417 160 880
278 779 114 -553
275 261 479 515
588 571 -942 395
394 794 83 -808
483 686 2125
137 -395 1673
37
284 233 -421 -77
164 232 -893 122
533 558 242 749
19 640 -886 -686
934 416 -559 -430
115 192 -827 -914
325 140 -530 371
168 10 -77 -862
353 670 594 683
854 783 -793 697
996 684 -553 923
393 913 -55 -530
263 880 302 -356
950 248 -264 666
845 672 512 -441
753 178 553 242
619 356 884 -343
25 993 466 -310
872 445 617 -205
121 544 728 -720
593 581 817 -79
994 685 -906 -291
419 384 -889 -112
906 808 325 749
966 474 -378 674
234 319 -585 -492
778 498 -832 -247
884 466 -980 489
204 442 167 -891
359 111 -8 -241
971 194 -156 -529
213 236 -979 -898
610 505 939 -724
270 197 -235 313
246 234 977 388
355 673 423 -253
423 612 -768 -967
632 440 4369
-763 -964 6595
92
449 781 -884 -511
562 951 563 227
822 751 -111 -34
733 355 -908 161
288 362 770 345
338 361 -430 323
821 840 855 -506
310 752 -262 -610
746 688 -525 -470
29 983 -637 -799
255 496 -127 -478
237 564 -248 -430
964 162 407 467
1000 693 72 -960
719 906 -829 409
949 879 752 41
682 645 860 -516
17 474 -460 -321
113 797 503 -838
274 36 -352 -664
402 556 -58 -400
521 788 -118 -885
153 359 533 771
958 990 449 -139
292 225 -495 -77
250 767 331 -170
558 826 -700 -49
918 751 -439 845
617 139 -1000 266
351 929 -724 722
468 446 827 -529
391 50 -623 470
66 904 -35 495
908 584 -176 -628
670 291 804 -711
943 140 477 193
774 568 593 560
275 984 -205 -1
81 467 -670 212
454 15 218 18
148 512 -304 496
393 571 353 -303
973 199 -386 653
67 871 629 947
916 656 -67 -880
843 759 510 435
585 535 230 722
381 563 284 -349
535 103 -339 -460
268 224 -205 192
614 598 173 531
820 125 440 -768
895 125 -146 -275
680 669 581 -174
280 105 107 231
846 513 -880 -586
335 482 -838 611
374 624 -970 -832
469 519 707 -742
882 401 -48 563
639 955 650 783
878 98 729 -254
408 360 629 -225
334 475 -459 -579
45 544 -812 -1000
207 302 -580 -115
57 249 668 752
572 160 -138 168
532 11 -464 676
416 976 -57 -240
179 221 908 976
793 593 979 -399
311 876 840 -85
860 474 -154 -545
156 74 -80 737
180 20 382 -423
462 557 -102 851
60 390 863 87
145 842 -384 21
965 574 -615 -859
278 988 781 221
722 627 -4 125
837 156 -289 -639
814 599 -311 -836
366 558 -561 -798
309 408 281 302
194 240 -263 -292
51 789 -924 -69
328 576 -670 -740
580 932 383 842
282 195 862 -447
587 854 502 -318
-415 644 1767
482 -735 5258
61
845 904 230 -223
664 700 513 -44
287 541 -9 -649
882 856 289 -579
847 392 -970 -676
483 187 -406 -986
886 947 700 -31
589 614 440 442
967 170 -474 -419
969 370 -19 479
37 656 -847 -996
358 184 -775 893
797 929 341 274
245 778 50 959
396 380 -792 126
241 368 350 -565
903 933 -228 -40
300 955 -555 657
224 320 43 -796
925 40 -724 554
22 950 297 -764
13 71 356 -505
147 432 -545 -888
825 889 -682 11
214 560 -79 830
321 586 272 -607
375 382 338 -506
614 829 -274 -304
936 628 -304 459
10 241 -255 -1000
905 981 363 -320
781 650 370 564
597 440 -794 132
795 395 -559 -100
861 343 -232 341
704 604 -281 -751
940 63 296 32
119 402 258 452
211 864 -241 -526
974 31 737 382
262 837 -985 606
990 758 -774 -886
262 557 164 -120
760 555 55 227
999 53 -735 -52
917 769 621 268
686 837 -112 292
31 648 -325 707
792 196 -405 49
827 371 -717 -839
643 160 829 -587
108 293 -230 -733
844 201 30 -819
393 556 733 -775
853 171 983 -107
929 306 -952 334
168 917 -59 -551
572 780 191 -24
937 664 -375 650
934 803 -199 570
180 728 661 283
-1000 11 3121
360 -737 530
73
320 939 251 -169
98 817 -448 1
303 885 680 -763
532 259 769 -313
134 33 -374 -181
618 527 161 -272
325 907 -348 -610
867 126 131 510
32 161 112 -31
634 529 -53 -892
769 203 796 92
975 941 -728 -422
993 283 920 -915
461 958 818 -85
381 464 -153 380
82 719 -836 -309
825 192 128 -366
898 587 69 -929
815 707 -178 65
206 237 599 979
356 161 881 983
827 178 -444 -719
818 482 -478 131
837 301 617 968
126 498 286 853
991 906 -100 -101
150 27 610 437
536 614 526 980
286 188 195 364
209 674 545 -969
741 751 100 613
597 925 912 631
568 593 899 119
646 582 488 938
102 277 401 -414
608 935 -304 -61
819 332 -418 -478
72 380 960 -976
509 296 -992 -129
414 962 -959 -108
773 863 73 -286
328 806 -583 -235
939 227 419 537
80 116 -159 768
229 184 -296 -788
240 485 -7 629
954 512 -523 72
392 816 434 64
674 31 794 -915
655 726 107 -855
173 640 80 21
861 635 -393 245
861 699 578 -793
28 847 -206 -400
470 868 366 258
115 85 -381 -490
363 826 -322 -476
50 699 511 289
720 560 -826 941
868 332 797 -463
640 127 -331 -754
169 374 -41 -559
951 268 321 460
715 615 -65 291
133 803 206 599
143 831 -331 119
35 951 -751 -541
908 907 743 -835
131 922 161 951
655 492 -997 211
933 402 276 -523
504 25 31 567
729 191 -373 -737
-29 -562 3464
743 -634 3484
73
859 429 501 374
502 157 -418 -594
319 610 -205 -199
316 351 915 -277
612 956 882 538
302 141 562 -524
222 252 884 -205
558 189 -766 -135
463 489 323 -136
443 192 -800 -154
625 587 -337 569
357 799 -561 228
270 902 155 587
693 445 -319 -741
372 860 929 -904
852 686 558 502
223 724 -876 -420
142 32 -492 -848
748 646 -889 136
763 880 -921 22
421 658 245 688
167 951 734 -916
267 830 932 -22
115 577 -25 14
908 917 188 839
963 634 215 -3
430 957 -568 35
659 745 475 930
125 224 -768 -757
592 628 728 975
111 87 -508 -150
584 603 -502 -757
136 369 -712 -447
28 462 131 -846
484 751 149 210
803 473 -553 -655
810 922 563 695
611 726 336 -294
699 377 71 503
983 972 -790 -676
213 697 -969 -942
429 733 -991 -79
957 621 -418 713
276 491 530 518
369 392 -877 -388
972 861 665 571
325 850 298 539
566 505 -757 -346
282 665 230 -919
226 990 236 -973
937 597 -304 -448
838 466 776 -352
77 803 816 -536
296 726 -724 -885
605 819 350 -254
189 260 709 -409
885 43 986 -877
305 684 -934 414
940 36 -23 -814
129 56 873 455
560 450 -576 926
831 875 -526 481
864 62 482 -379
747 45 636 -923
319 573 337 680
365 90 -503 -876
292 798 123 64
835 490 -781 464
551 849 -307 -553
798 552 -686 -494
745 248 -11 -582
134 913 306 999
552 10 992 -526
-146 -861 1651
-880 -599 3485
39
175 39 449 -124
426 36 275 112
570 817 662 988
240 329 989 812
233 197 347 266
163 345 512 26
581 714 605 -280
266 287 -979 -1
90 607 779 -497
501 622 -502 49
133 675 -818 351
942 781 759 -997
825 45 -686 -706
490 895 80 455
652 530 955 691
978 553 609 -874
474 621 358 545
14 85 637 -356
946 144 -309 387
31 436 521 185
596 315 677 428
869 277 -307 669
663 737 704 -651
310 60 974 375
588 178 -289 -995
108 135 538 -151
854 741 -935 -631
119 150 662 367
501 526 803 -772
33 881 -301 49
762 634 -202 -937
977 844 -28 -291
213 286 -218 -701
756 24 -586 -128
28 505 -796 -504
697 526 -121 -673
720 604 -931 330
264 919 804 221
382 535 142 -939
365 -385 2013
617 270 3248
2
442 865 120 771
179 511 67 -568
526 665 1761
-995 -96 6699
17
468 905 887 450
727 10 -268 -47
117 807 -4 692
566 555 -480 678
362 253 -957 941
536 389 -448 -217
758 228 -877 -959
416 755 766 -835
876 395 -448 962
865 877 53 608
422 459 722 -303
433 329 -460 -172
77 481 -325 425
800 492 -472 -646
834 401 114 61
663 514 -710 176
665 34 5 -948
671 -191 1521
-834 899 2124
69
374 775 676 -317
43 646 -501 -43
34 479 -85 -536
133 818 -895 451
290 694 -742 -376
632 381 856 152
751 769 991 -191
288 192 169 7
754 905 858 682
163 948 261 783
218 842 824 292
355 134 -491 -913
726 994 199 -37
442 785 551 -92
459 287 -799 93
904 771 -422 -704
946 939 755 644
853 775 -21 187
873 44 -517 125
886 934 961 -226
954 976 494 848
767 177 970 706
705 643 -205 -1000
959 70 -645 -331
421 989 -280 -886
875 338 -151 -213
621 327 -213 -566
910 609 -656 -800
759 770 626 -996
529 700 -46 -16
288 569 -260 -292
582 610 208 716
13 658 44 504
163 644 -328 763
446 802 926 122
101 64 50 -920
227 789 -508 -783
534 730 251 -259
186 433 864 -718
310 938 -221 -425
688 106 53 156
302 812 209 -116
201 578 875 -797
544 312 833 770
667 150 2 -621
981 656 653 58
746 995 431 -547
187 835 -368 -695
519 426 -253 949
773 725 817 -308
897 182 -241 86
281 304 -46 -757
226 415 687 -159
753 321 514 -780
151 824 -679 227
768 281 505 64
881 833 974 688
370 992 623 -96
204 517 176 528
576 878 -973 -97
830 453 874 52
340 369 272 -295
733 993 -724 -776
434 68 712 -793
322 418 695 -718
530 69 509 -372
371 972 62 -1000
495 589 508 -544
425 111 -709 848
-550 -64 4085
667 -617 112
51
528 275 -227 78
457 164 241 -655
564 190 -112 631
268 373 -914 860
698 574 -81 -82
641 812 367 -739
368 371 371 774
118 302 182 728
513 936 -558 -26
606 118 -380 -634
146 600 687 -693
733 767 -32 -448
885 467 325 419
258 66 985 -546
656 228 133 -792
866 180 564 242
562 704 311 163
275 107 449 -625
646 172 -237 572
573 594 -477 -313
219 591 972 -388
566 830 596 692
950 686 -626 -589
690 183 -429 502
553 425 410 275
541 630 400 201
686 503 566 -886
390 629 -650 508
230 874 737 696
27 440 -231 995
995 321 -516 -775
797 345 995 299
219 822 -234 -799
310 132 89 -327
612 59 -550 -919
177 777 -379 -12
689 623 950 -38
819 818 89 -808
388 19 -82 -337
353 315 -240 962
573 678 587 930
918 232 452 -441
826 773 596 -916
893 448 -282 -325
208 911 -478 -690
780 405 -748 184
1000 808 421 102
338 712 -770 -592
843 87 295 614
827 18 -297 461
696 590 -505 251
-130 926 4689
-509 242 3358
77
828 898 -409 203
311 581 863 770
535 978 -308 508
176 868 -892 -743
218 799 -672 755
864 331 128 605
488 71 -707 -259
514 417 -428 -264
264 85 -91 666
763 170 483 -218
355 377 -144 -280
131 822 -233 -76
88 862 857 -643
768 477 -552 656
669 715 -337 -145
519 901 0 -265
527 174 -788 -994
387 158 -43 -429
607 801 -41 624
825 887 817 -348
476 893 991 149
996 407 74 -844
782 314 -684 696
327 503 -633 794
979 472 -642 73
28 575 -691 -631
287 509 -831 557
932 108 -824 -739
976 304 893 898
217 940 -614 941
99 195 -985 85
293 528 176 -628
55 479 494 818
630 89 -607 281
904 63 -619 -567
191 117 -163 -473
618 743 242 -772
160 82 -489 -471
616 954 -810 -352
913 384 759 311
657 727 809 690
796 62 -653 586
568 444 614 -110
110 177 -440 -734
755 789 965 65
422 764 -520 -469
247 333 -706 -535
603 513 920 45
18 343 -253 -485
806 740 -1000 -861
252 386 -457 683
200 87 836 437
470 843 214 -31
25 832 -927 794
476 949 749 -682
663 14 -404 690
775 565 660 902
769 410 -541 -827
28 527 734 923
120 412 -934 530
406 875 -599 -664
223 441 -25 713
127 134 -976 706
267 644 -747 -682
735 434 -616 -990
794 909 -40 -898
327 324 749 -934
653 977 -626 -775
438 473 -984 161
570 69 960 224
595 397 -397 369
570 578 -582 -43
465 800 982 278
970 979 997 -193
476 385 -811 -956
765 157 -844 677
932 284 -905 -843
884 -733 3301
821 901 864
99
831 32 210 653
32 649 85 -219
231 976 -220 618
699 18 -808 -174
626 462 -225 77
697 194 -211 784
175 30 869 -415
758 177 459 295
468 25 137 477
28 804 -964 -395
853 992 -212 171
261 957 -772 760
422 377 -1000 -652
741 969 269 300
651 604 554 914
721 817 200 -217
94 142 960 320
195 217 71 -282
241 833 665 -235
297 246 464 41
846 533 485 -599
38 443 607 -869
450 800 -954 121
572 356 -190 493
125 370 374 380
171 48 110 -385
965 11 881 -12
805 184 899 842
344 244 -359 983
900 63 -761 413
359 63 408 -241
506 781 600 -582
787 96 -8 743
554 412 947 -696
183 630 -858 278
150 702 12 458
26 51 -688 876
507 702 -772 -182
487 824 -751 -563
768 675 -964 -155
94 665 272 -913
233 985 642 -480
378 626 -856 89
87 426 170 -478
825 301 -328 -682
297 463 675 546
524 539 876 -488
587 396 -366 15
533 727 -415 -272
215 565 85 -632
659 867 -588 652
404 600 881 10
308 626 -945 -795
65 532 386 -314
84 454 -653 520
961 378 -681 767
17 375 521 -241
389 759 682 377
535 956 863 -480
721 995 -670 855
438 49 -844 -587
135 601 -84 -898
508 193 -853 734
400 371 37 511
939 821 -199 311
373 905 668 470
30 249 -242 15
412 11 243 -325
578 931 -538 -568
431 804 -529 749
912 99 562 -379
51 41 -993 318
773 53 -487 -373
178 215 -298 -466
135 425 726 149
128 21 -617 990
714 172 312 -775
615 457 248 634
455 175 -616 305
583 515 262 668
66 16 -29 -273
563 952 -454 -447
700 745 -442 698
216 76 -721 515
875 254 -4 -640
584 352 423 -475
729 964 -832 310
201 425 563 256
908 211 250 458
473 257 641 421
562 846 273 -805
251 277 -986 -286
846 491 -287 -255
832 328 -963 654
13 881 -262 -520
840 770 188 927
909 807 -670 602
305 634 -760 -985
507 423 268 -376
443 -748 1961
-696 -449 3588
97
10 418 881 -378
947 634 -141 -199
622 41 -124 -864
568 252 -862 100
491 621 806 653
404 285 782 -260
713 610 529 -892
939 837 422 -83
244 211 -19 239
441 22 -1000 818
525 446 889 -170
216 551 769 343
452 845 303 791
797 869 -539 -543
931 561 419 593
692 951 -487 231
112 726 -675 -250
314 252 263 479
72 478 -296 674
291 525 -552 307
741 963 267 -913
233 102 -919 -831
864 511 437 976
646 777 -616 97
757 237 539 -623
304 741 -542 450
369 408 -66 62
915 205 -557 -9
43 913 -568 -268
362 352 403 455
888 922 453 -662
238 860 -259 -566
660 638 -232 -80
960 916 -991 -307
206 341 -364 -511
778 421 -39 971
398 160 771 -974
797 606 -326 938
702 11 956 740
739 844 -901 -565
655 753 812 -582
788 593 -145 -370
332 830 -456 828
551 174 -804 216
128 998 962 -892
976 126 994 -82
881 855 48 -224
355 639 -768 480
589 473 898 941
580 897 -998 -739
807 156 -203 -501
781 564 -41 -267
434 529 -580 -710
10 380 823 -360
983 207 290 -130
594 901 -586 778
262 476 24 357
446 693 -245 488
201 566 393 27
551 471 230 86
634 937 -370 203
824 799 965 -728
453 181 515 226
400 194 -211 -682
331 268 -982 -943
226 368 -365 -274
768 381 -703 790
877 715 -486 785
162 490 -95 819
527 603 -395 -507
820 832 -89 701
993 620 305 571
662 72 334 683
48 998 336 -859
713 720 -251 -284
718 527 125 913
321 364 -288 508
575 571 -465 -949
658 301 -176 -130
443 155 148 -517
311 878 -315 -916
689 405 -231 498
881 20 755 -106
692 55 721 -931
702 875 76 -741
353 409 -313 -205
188 580 780 -307
373 516 -540 514
93 991 831 -478
841 875 424 -112
499 934 -427 825
362 29 -703 794
518 234 71 -789
281 670 927 -339
538 85 -166 -991
231 299 875 206
657 826 769 56
570 358 4229
94 -25 6347
46
611 336 440 -390
12 478 234 567
124 639 -217 -646
310 848 725 -771
913 994 -607 586
292 904 -796 -730
803 54 596 630
208 94 890 827
82 901 438 647
299 39 479 890
182 257 -568 -964
362 308 862 440
278 798 204 365
232 836 -49 -984
453 865 -652 -751
744 95 -488 -59
662 202 161 -862
177 629 217 773
947 649 896 263
92 661 29 -917
863 272 75 -427
709 797 969 -466
256 744 219 249
484 492 872 348
647 836 -943 -173
91 759 560 694
804 999 545 -891
91 313 149 662
726 518 267 369
591 404 -865 118
809 164 743 -242
926 581 -250 19
229 721 782 479
798 976 121 -636
684 164 518 -113
100 257 -793 804
604 479 -265 198
814 976 401 334
410 39 -706 -188
616 583 677 580
276 750 854 -12
829 727 -958 949
593 680 218 969
735 35 -780 575
10 630 -103 -465
157 522 423 317
60 206 2031
809 137 8031
77
721 938 -532 -200
177 167 -828 617
444 677 602 -107
11 479 -690 -477
325 757 931 -870
154 917 247 -727
574 473 818 263
872 471 -325 -403
994 168 -940 -609
387 454 -29 -764
757 231 -757 -907
395 372 -991 -985
503 765 529 708
305 693 -904 -79
129 981 215 -211
185 524 617 -255
398 901 563 -458
646 224 -929 128
885 352 -39 -218
58 178 -868 905
73 682 -31 15
754 227 961 -183
642 951 -784 214
790 774 685 197
963 31 461 305
476 139 -713 402
394 534 -390 -160
391 694 -553 834
931 315 -1000 -148
286 764 -138 866
187 590 393 668
683 789 785 -883
955 218 36 640
145 900 -947 -400
667 713 -175 -886
211 906 -808 94
343 617 53 654
438 132 -416 95
406 136 -73 304
739 71 -295 -435
18 60 -646 -297
629 470 986 -187
22 282 151 -166
303 476 -23 806
562 61 -340 823
251 783 -359 -692
887 214 407 334
716 125 194 -683
664 918 -568 -971
692 529 -404 -805
510 684 -121 -697
428 789 464 -253
660 668 -908 -495
537 769 -748 -811
282 170 -355 -37
514 681 -275 -724
756 478 769 968
74 555 346 892
298 270 734 -991
304 736 8 383
250 910 -673 -292
749 369 847 -431
549 988 -72 993
851 648 467 -495
992 192 -970 -413
513 196 623 -558
610 916 -371 556
757 878 175 978
392 11 -575 233
186 462 -970 -601
516 252 864 11
433 465 286 803
609 367 -607 -675
323 95 307 -218
244 225 -12 491
979 522 761 998
319 100 119 -268
-157 806 3945
647 -191 6565
4
496 832 -241 915
499 69 -540 155
192 106 -316 950
341 115 362 371
85 -468 4137
446 633 9515
77
220 987 289 8
483 150 -964 -92
541 383 83 626
607 864 282 374
509 892 -243 320
481 771 71 874
686 477 -957 355
250 52 -506 -1000
410 938 -836 288
115 878 979 299
51 168 -805 -163
505 987 954 -616
463 228 -793 -942
997 406 964 618
198 812 457 439
479 743 563 -169
793 281 563 -258
802 261 521 -199
584 863 975 -847
658 254 973 -628
655 118 290 202
744 550 -774 -874
885 211 548 320
663 21 -10 -280
751 33 67 725
619 804 828 845
943 623 -287 -582
307 160 464 -571
89 102 722 710
419 768 -490 869
777 934 -103 596
217 891 -282 624
794 774 803 -269
926 66 -528 -443
274 26 623 -363
55 404 525 -856
168 394 329 349
275 100 -962 -209
879 489 -260 -395
176 838 305 971
339 673 453 847
824 254 -182 -538
214 64 947 822
993 336 437 -736
612 514 -76 -581
241 929 215 631
131 614 361 -686
127 855 -158 -107
934 300 -454 530
563 671 45 458
707 72 193 305
320 119 993 -364
683 223 -729 -817
87 734 -238 -979
767 212 610 -418
251 194 -211 669
756 889 -494 295
68 68 194 131
819 803 200 195
488 926 -929 956
318 544 932 -25
311 82 197 665
48 310 588 -673
586 114 -670 -830
825 355 -16 58
87 533 230 143
590 754 -983 -654
790 428 -376 -120
794 233 -218 345
782 987 -634 -67
358 195 972 797
291 562 857 -70
971 824 479 -153
994 513 -1 -838
315 397 360 -355
869 346 -132 -327
824 374 -70 -123
-225 388 3181
650 -508 8996
81
794 264 -59 587
463 692 345 257
96 542 557 296
813 957 -478 219
947 299 -700 -57
760 84 -636 143
988 170 613 -239
353 618 -745 -770
64 676 628 890
402 234 986 510
388 700 -770 596
818 250 -463 434
709 235 -523 395
848 389 -864 908
875 419 -94 -616
399 549 320 -205
139 292 -415 -912
403 539 206 -515
338 840 -142 -781
189 889 107 -99
576 878 -70 -167
881 317 -957 -289
16 870 -462 35
400 645 -179 23
745 46 704 66
469 658 -808 44
241 190 -708 -691
217 398 -847 710
346 307 773 -814
591 513 584 888
689 895 473 125
214 678 -245 -883
558 220 -328 -213
569 539 -806 125
714 65 656 198
872 12 842 -685
519 810 -91 679
184 48 -151 -247
631 60 788 -28
876 724 740 886
937 105 -403 887
89 830 208 659
31 708 905 -598
609 161 -228 914
162 51 -812 417
269 464 842 -976
693 635 932 996
398 298 -242 128
494 138 815 -248
327 480 -196 423
140 113 -943 -679
702 735 493 751
30 850 884 746
912 476 645 937
542 454 243 -119
214 596 151 -289
904 810 794 479
139 571 647 -153
899 265 -929 758
183 594 -1000 -112
351 691 526 -886
448 281 -370 466
915 197 589 287
225 593 -517 656
22 474 967 -421
245 16 696 -790
764 610 566 574
45 322 -193 -429
507 158 -61 -356
619 169 -299 102
550 916 941 -547
734 634 272 99
661 14 -170 506
803 330 826 173
684 620 -536 -748
631 988 240 725
778 13 779 -367
994 706 -596 -639
531 20 24 710
61 915 -883 -21
311 679 17 -736
-14 -712 1377
815 -8 9431
17
380 578 515 -954
156 757 190 -205
674 442 -884 -973
582 650 -961 -451
599 223 167 389
852 650 840 -958
440 702 -167 824
761 491 -793 -923
467 283 -696 92
954 52 -10 196
440 527 -698 641
266 159 569 602
263 350 -583 511
597 133 782 -593
42 980 -760 842
799 683 -100 53
19 874 -868 -967
-202 797 2073
887 685 8832
56
67 718 -310 356
581 696 -451 -106
915 900 -805 -876
353 575 -739 -67
172 577 -289 -574
804 420 482 735
424 813 -978 -247
941 672 -195 -318
250 302 330 495
299 517 815 815
529 876 -562 914
666 508 347 47
501 432 175 878
806 873 44 462
829 390 833 574
490 891 -601 422
406 206 -725 524
579 569 58 -970
68 332 -262 -235
298 83 349 305
630 346 -858 892
968 257 -50 7
625 121 -111 -913
994 135 29 -880
42 549 -436 -556
980 485 -911 905
285 951 -769 -343
370 321 -250 -814
799 72 -637 -388
464 492 -406 776
55 719 -964 748
642 742 -715 407
568 583 -43 -841
174 745 680 -543
320 957 -198 -679
921 322 -610 634
29 461 354 -310
968 178 -130 -415
160 247 418 -133
502 807 350 -316
738 548 -1000 902
807 178 -340 97
841 202 895 -885
311 158 447 -942
839 358 -185 551
947 861 56 -988
229 671 -868 477
50 739 -862 248
721 978 -173 906
830 932 -553 -760
762 157 749 374
140 832 -312 679
730 747 -604 -745
668 203 -544 662
662 997 -31 -117
886 927 575 -692
-937 -417 2593
229 -553 453
61
292 111 183 538
738 111 -628 644
933 179 -73 -862
834 947 -139 -91
836 997 -685 746
77 341 -910 -835
661 357 326 379
648 164 522 210
983 713 257 781
802 291 656 852
298 411 756 725
460 794 -190 182
280 175 882 -916
265 396 276 554
982 943 981 -988
604 896 -628 -16
656 929 -792 -896
603 953 -172 -862
317 908 594 -601
288 749 -632 -194
996 762 900 -565
791 383 -547 -891
866 391 -495 -400
801 71 585 776
18 431 -750 -242
661 385 -139 -579
915 370 -238 499
740 82 -722 -302
754 719 15 765
232 515 896 -994
405 352 7 582
880 351 -364 -544
801 714 -201 -302
659 633 -849 404
731 639 446 -64
413 46 -16 18
911 445 253 -477
83 331 416 -34
126 508 665 -362
308 815 895 610
88 964 235 607
751 411 593 207
517 646 834 347
962 469 -333 -249
871 44 -575 -206
809 300 355 317
303 30 -227 149
919 284 522 110
921 142 -372 184
174 645 497 182
368 607 137 -510
757 872 -977 242
80 91 -868 -122
540 552 -490 -1000
66 556 -631 -82
968 13 779 635
922 923 977 -581
112 118 -277 746
483 63 14 -179
753 320 -865 896
370 922 -230 -869
-316 -253 1156
12 821 96
89
587 928 356 603
638 372 260 -422
558 708 -813 -807
843 16 -217 -499
493 118 -823 931
156 143 -779 252
207 231 581 -942
105 513 245 -562
551 614 609 836
531 74 211 -317
85 574 566 647
135 140 -260 -913
691 232 -940 101
909 206 -3 -448
49 853 -575 944
675 463 805 -749
31 577 833 -449
421 759 311 924
90 98 -404 419
515 76 -218 -334
557 606 178 -64
53 38 989 749
103 997 -991 -991
251 739 527 -792
360 625 -553 140
92 348 -517 520
992 840 379 -739
825 273 -931 -391
705 428 781 -765
273 542 774 -490
399 451 540 -19
992 268 275 829
509 204 -393 -115
56 633 739 614
31 971 557 -280
156 147 863 -765
375 47 530 972
751 240 -821 816
151 932 -424 -331
803 72 -229 -954
358 666 426 -10
369 295 410 -752
568 945 -260 719
971 790 -406 -113
387 253 886 834
837 807 -58 846
412 694 -76 479
965 556 -349 863
488 401 740 -196
566 700 -344 926
185 829 479 -376
87 648 -950 804
941 523 -206 -827
258 747 -543 -874
907 899 -249 -816
382 241 630 773
549 172 -517 909
889 105 792 416
107 941 -154 -424
253 883 68 521
436 777 756 245
843 468 184 -508
715 213 761 853
160 894 -860 -545
728 988 159 -501
206 201 -457 -970
354 561 -609 853
349 476 978 317
352 636 -433 317
570 478 976 -88
137 980 -886 -501
901 630 147 -262
966 109 -10 -590
692 94 -286 5
477 859 -577 592
842 661 345 421
224 772 487 -328
42 39 -872 11
359 306 -103 -678
340 391 -581 223
828 416 -891 384
457 616 428 -373
383 509 -325 -921
300 876 -69 37
454 621 -859 -449
666 201 -377 -225
380 41 691 -231
916 185 434 284
496 322 -838 -884
817 -276 2220
-877 -841 5990
6
395 219 -241 -346
374 273 360 969
489 424 -682 138
982 684 298 934
928 928 966 -266
226 376 -592 -997
-989 -175 2662
104 -292 7991
41
955 609 595 -124
610 288 -767 403
453 804 713 -449
67 445 673 135
759 189 -396 254
568 574 266 597
403 922 320 904
135 850 744 -795
461 40 -721 224
578 620 -11 1
168 893 -148 -850
238 997 14 -70
595 896 -778 348
349 700 -913 844
731 317 -490 559
568 862 632 -827
614 837 764 -312
587 213 656 852
532 832 -751 875
346 264 -277 -457
563 486 -760 -130
634 142 -195 502
511 324 -886 -246
919 69 -621 -684
491 700 387 -781
281 582 555 655
128 793 501 466
321 679 187 50
277 436 -757 645
300 645 -977 990
297 990 461 -105
28 817 -143 870
633 580 326 -343
447 568 -954 132
795 850 -200 -581
113 378 467 476
906 146 831 -822
151 814 -219 -839
300 540 890 692
765 119 -824 -103
628 289 540 95
-288 -58 1713
-148 62 757
96
175 117 494 705
21 255 940 -927
221 183 -364 557
59 642 -486 392
843 590 -595 -43
69 447 985 917
267 337 461 -22
227 630 -177 -175
141 848 923 -509
505 61 -2 351
823 988 0 -313
849 970 263 838
169 109 938 -701
985 1000 176 -264
497 452 101 534
468 604 384 432
531 281 947 -603
197 996 216 917
737 621 -370 994
774 960 271 -323
675 203 -333 935
885 951 995 -142
88 495 -563 -186
856 941 -243 360
845 916 -339 -181
654 264 455 -136
540 892 835 746
190 823 100 -312
469 587 115 965
730 175 967 -105
213 33 542 860
22 820 -439 -141
376 983 -931 446
742 517 845 -493
64 718 925 598
566 501 -841 -385
992 701 779 50
810 805 317 251
301 40 -862 -594
382 556 365 636
481 81 -843 512
176 590 -304 -527
500 751 90 840
898 872 -638 216
841 417 466 867
408 735 315 380
943 804 -977 152
193 287 -960 -771
541 77 -889 377
380 796 173 402
37 780 -610 587
474 899 960 -880
287 503 308 539
81 178 -502 -863
292 310 725 -312
162 762 -172 724
703 42 197 438
111 961 -609 176
731 18 -505 -911
753 45 725 766
744 149 -175 -85
386 157 -624 -630
328 251 326 -316
148 24 185 761
340 979 392 -517
259 248 -769 -661
623 926 -991 -377
990 637 -970 -362
456 988 104 745
774 829 552 448
863 725 335 -713
352 806 767 -700
453 138 -62 511
310 778 -993 -211
138 363 -884 -854
838 364 716 -159
984 935 -283 669
485 596 -954 -373
822 71 -997 -900
537 403 -115 -175
731 601 339 817
866 246 911 555
90 64 -882 758
133 42 -891 645
16 341 -721 -16
237 830 571 888
226 933 -61 96
943 183 -463 242
243 604 68 206
915 940 -104 812
976 423 921 -823
507 193 748 248
309 667 253 168
949 267 -902 956
580 75 -790 -589
479 789 -73 -640
5 452 3191
-222 -908 1280
31
78 728 -285 690
710 485 293 97
993 380 757 548
208 538 -602 830
844 193 -523 -289
340 238 -929 656
95 22 -534 797
668 940 767 -943
237 217 660 473
830 335 271 -427
468 684 -218 -215
246 825 -334 578
276 189 590 -161
726 611 654 -988
100 226 519 797
277 101 -58 -431
822 259 790 607
667 989 -586 -666
663 787 -535 -160
12 373 -270 -311
40 431 155 311
171 295 372 -954
958 451 -109 -634
328 540 -457 -115
821 796 -220 977
442 470 771 -11
821 18 872 858
72 901 552 187
970 222 950 180
141 369 -928 746
422 939 -180 293
528 -294 4753
544 -451 1289
61
40 205 156 -793
282 631 -49 35
108 355 -776 -855
710 199 -200 -772
137 971 542 -907
657 778 842 688
879 172 127 502
916 573 911 490
208 119 914 -639
205 284 596 650
855 202 957 -742
965 565 161 443
670 193 783 505
907 618 191 -526
279 841 151 -88
713 242 -296 -249
453 530 -237 -29
759 786 -310 -982
280 820 -775 956
803 913 -187 816
59 189 380 119
136 506 -235 452
500 882 -619 380
570 690 461 -720
939 730 4 -271
166 71 995 350
154 344 698 -118
728 356 -88 -771
563 293 64 -48
32 57 388 617
719 458 -724 -379
536 775 -182 -379
714 849 403 -151
900 578 -810 -931
553 567 -447 -439
630 832 90 265
245 868 119 310
811 261 78 947
31 50 364 -336
65 620 -859 589
368 1000 932 704
928 362 997 -441
162 119 -611 -424
754 216 700 325
364 738 -172 957
947 559 -1000 -82
419 401 488 737
170 242 531 -586
720 142 20 7
777 559 552 -848
47 576 143 -388
230 875 -943 219
850 129 -157 740
89 331 390 896
146 648 -522 -984
953 589 191 131
13 363 -668 -58
388 69 -116 -127
486 231 653 -59
476 154 -193 339
335 98 -656 67
719 872 1965
961 -842 1038
26
80 703 -678 -844
298 56 158 -967
195 651 685 -370
452 682 -658 791
699 689 -367 -31
224 215 -997 890
116 885 357 633
99 967 -499 929
161 457 888 722
284 703 778 620
347 725 -148 -541
843 988 508 376
202 1000 89 -140
795 206 158 -71
639 428 134 -301
235 439 842 -943
675 468 -353 248
983 706 -40 -800
12 653 904 543
459 376 563 137
379 485 -426 -563
518 306 598 -839
490 538 -316 271
706 405 -961 307
884 831 -589 997
251 681 -508 337
-609 -848 2699
432 -631 422
1
583 53 448 -526
98 123 1944
147 -871 5544
26
329 150 -885 372
89 381 -655 -991
933 79 693 -31
741 369 -243 941
276 285 -64 122
636 985 638 44
834 316 194 -319
188 958 684 172
64 576 394 -127
301 38 -157 -369
516 291 152 -895
325 914 -328 562
641 327 818 833
402 65 -197 -541
870 690 -839 711
391 775 -300 -478
611 745 -761 195
404 765 761 -773
330 359 -55 969
33 891 658 -838
466 163 -407 -290
442 390 -306 230
501 96 566 639
221 577 -811 538
438 496 -529 -911
500 761 -27 -640
319 -190 4501
357 -739 5396
1
968 432 -712 801
-619 842 1997
-990 863 4183
24
486 84 400 -933
947 909 -49 -175
610 778 -28 462
613 278 206 -985
438 825 54 732
618 565 551 584
496 845 -391 302
941 30 86 597
408 341 233 287
409 50 613 225
853 380 -202 -23
359 689 782 -954
244 80 398 435
255 480 527 -571
917 176 -544 748
309 997 -826 380
510 834 -421 -946
476 240 -759 -171
33 319 -124 95
522 246 -953 879
558 990 311 197
241 50 -152 -697
676 542 863 -16
609 612 27 -402
-942 761 2844
-170 238 542
23
136 960 -724 -535
957 173 -121 -713
43 48 671 -515
866 674 785 -29
375 358 -964 272
173 871 -934 328
313 897 -1000 18
360 16 -505 461
961 180 -750 33
335 908 -793 -844
159 501 68 302
118 712 255 -68
12 947 -949 581
236 378 803 3
782 24 745 43
128 873 -959 104
747 947 -186 449
786 54 539 90
914 245 -942 -138
355 937 32 -454
632 975 431 -706
772 853 -861 556
608 927 -601 716
369 -679 2729
435 -877 6810
29
870 251 467 -137
537 390 -157 848
509 611 775 -448
38 1000 308 261
276 194 -258 115
990 124 -435 -55
53 377 -121 978
73 921 -744 443
539 418 -934 692
973 874 -228 993
156 10 190 -741
711 182 839 38
945 359 236 -910
570 498 470 -826
838 308 20 593
161 402 -995 -986
742 704 -911 674
201 723 -646 555
625 881 -967 506
792 426 -885 -686
834 753 -487 -448
623 878 -799 -553
598 804 775 -463
635 727 -34 638
845 35 -297 835
552 855 284 -214
787 183 740 99
387 388 -178 -436
843 35 68 -205
731 -616 4121
-568 -192 6
73
974 934 -23 620
291 794 490 -130
528 963 -633 776
367 54 -865 -506
586 11 503 624
462 147 -988 232
915 809 479 518
491 163 296 794
619 128 -246 -861
534 399 92 -28
893 783 -274 116
650 867 260 632
533 501 438 727
622 961 -402 71
618 531 389 956
724 123 656 -200
609 199 -283 -848
57 290 19 -981
267 681 705 734
972 884 -256 -490
227 667 -178 544
439 336 440 555
638 347 -406 263
998 850 887 -730
823 514 -727 -262
561 286 -28 -485
309 342 70 536
234 306 641 725
753 626 -211 169
499 639 398 635
229 315 727 690
534 722 -292 -539
837 242 -665 51
160 207 -333 -108
795 450 -281 122
776 785 21 896
217 793 8 709
164 495 -532 519
155 278 985 737
716 177 533 746
641 817 -616 720
494 153 575 -167
969 573 -373 -7
145 79 495 -608
447 604 -343 -373
978 962 726 680
66 551 -762 -184
229 268 850 575
340 385 -864 -693
43 773 692 -589
451 679 -802 432
641 652 392 559
607 743 845 -215
431 980 -931 743
22 695 -831 -154
800 592 997 262
71 971 820 992
800 657 76 -41
139 88 616 -216
722 962 -213 446
454 939 507 953
67 854 107 -541
216 403 531 -385
90 939 -577 -733
107 312 705 -608
114 74 131 468
770 519 -703 704
801 234 858 -151
768 662 -229 -279
225 273 824 719
170 804 -394 -358
446 985 -990 -19
775 38 -394 -931
-534 -177 4473
-100 944 2029
63
782 373 128 -859
82 765 863 -118
309 867 -590 462
676 725 -208 -649
766 838 -740 -785
256 984 242 -406
80 788 -529 -130
120 850 -254 -473
10 102 -571 -100
127 619 212 -266
773 631 397 -296
629 796 -423 -106
122 622 319 -646
218 174 43 412
898 23 516 745
783 37 479 -251
992 749 -561 212
685 817 -841 -773
403 14 -403 -593
765 884 -792 84
720 627 664 50
75 84 733 73
76 878 -454 -894
359 620 780 362
884 435 -932 -751
235 295 -652 460
82 76 -600 527
250 582 -979 585
708 683 -285 -739
541 653 -741 815
456 850 -625 -693
177 973 -826 -587
831 244 -484 494
584 395 677 -132
56 455 184 220
760 351 -172 791
425 959 -479 -389
776 787 47 -493
23 936 470 -676
922 133 261 402
282 657 -109 379
398 496 -886 889
985 600 -310 131
254 362 -286 619
837 827 -487 -879
948 469 -475 -241
439 249 -343 737
530 182 659 -901
329 207 764 95
16 12 538 -783
262 596 566 218
746 784 -100 173
822 958 -391 -610
907 985 -537 121
313 918 388 -120
727 355 773 865
489 322 -844 -493
512 42 -13 665
222 35 -622 -540
124 134 -697 -196
782 50 276 671
222 238 -844 386
104 647 -183 -1
226 -315 4181
-351 333 2350
94
295 187 -598 172
608 749 -329 -559
504 585 -316 539
600 88 -21 274
123 370 919 267
601 153 -40 -107
76 136 -985 655
313 477 -812 -362
441 281 -556 167
955 274 -189 -151
469 790 -217 163
768 90 682 -543
118 701 -454 95
439 931 62 923
793 623 379 233
764 394 195 542
828 450 -51 -422
288 483 -295 -915
405 125 662 46
184 536 134 -826
816 833 -358 -67
448 141 -28 872
620 821 524 337
126 816 857 -279
444 314 -622 335
649 402 -268 707
445 95 623 -310
136 722 72 502
15 909 -646 429
269 852 -253 542
396 977 679 -212
552 150 -636 -384
109 37 643 -928
648 887 -506 -270
831 440 -945 -820
762 351 -718 585
918 514 -547 -511
627 352 353 326
701 819 381 -255
725 521 521 -971
306 85 812 -502
129 753 -907 -328
228 865 -823 -133
995 356 -882 -194
490 359 755 969
574 475 634 -165
954 863 -134 -256
536 638 -775 871
352 151 848 787
538 305 -358 202
497 796 257 -218
637 899 -607 947
833 600 -292 98
450 770 -875 248
87 943 -711 128
94 980 -563 953
292 287 -684 -580
660 942 -897 -1000
287 603 646 575
378 153 -649 959
452 673 980 -108
607 668 -575 -626
210 365 447 725
134 521 334 950
600 483 -161 185
692 40 248 -481
158 707 848 551
286 642 160 995
420 207 -184 131
109 614 6 230
994 840 -712 699
534 948 -912 -40
120 978 -163 -964
74 491 559 102
188 543 130 926
107 67 669 821
239 344 -685 343
705 264 529 -791
319 442 -67 628
880 526 421 440
868 312 965 -14
625 190 -718 962
590 119 711 -652
35 635 -892 -547
295 440 -507 587
169 409 -3 -278
516 928 191 -250
269 592 -517 -629
680 851 -802 -427
169 364 379 565
999 555 -862 80
705 108 290 371
577 709 -536 -772
817 719 -923 139
957 -612 4421
167 -497 2663
9
524 93 -103 -719
204 706 -238 196
965 434 -49 -625
233 325 422 215
333 532 995 146
101 278 -999 191
777 193 -368 226
341 162 434 -971
363 695 366 -622
753 -148 1799
366 245 7179
61
383 837 -826 -862
500 790 730 494
543 956 -64 434
471 965 928 -367
867 317 -664 -246
850 818 214 -55
270 10 964 631
863 917 -931 -392
151 238 171 632
305 189 -893 -885
167 374 -487 68
676 808 -829 -721
250 375 -675 -889
440 417 38 -844
939 715 94 250
169 164 -79 -303
130 683 302 -805
594 624 -665 -460
95 440 -816 -666
317 175 -529 -199
441 963 968 -4
186 209 735 799
212 203 -517 -719
197 469 -167 561
820 340 -736 -497
619 634 -830 -901
378 164 -979 -877
796 917 -739 221
914 421 -101 379
213 266 677 -322
968 190 36 -742
875 905 -934 44
859 264 -43 -325
349 706 77 -726
201 998 -391 836
840 905 -464 -10
384 829 -612 -619
154 212 945 -408
752 874 -91 319
961 824 740 806
476 481 -880 896
750 763 -787 838
342 570 458 282
892 271 797 -101
292 540 800 -798
217 443 683 -871
146 84 -187 217
343 560 -629 938
849 11 -609 -358
382 534 -40 866
547 177 947 -894
106 337 -394 334
908 22 -147 -90
73 82 -163 477
445 18 779 416
29 208 980 -29
111 738 931 986
120 499 -532 -932
581 355 352 264
227 572 -513 -464
968 556 -190 -75
-533 342 2706
512 671 4463
1
811 872 -581 -941
-14 368 3909
-400 147 3269
66
899 284 -54 -495
35 427 -794 899
686 335 -30 456
240 201 -603 737
672 54 -394 17
854 949 -598 662
799 200 -430 -729
76 582 2 -739
835 325 -237 848
200 862 -623 -566
896 406 -397 992
783 442 -499 -379
574 671 233 -176
298 268 88 131
165 413 -880 725
244 608 444 485
604 426 -396 803
772 903 -445 956
292 941 -388 -364
670 578 -958 -442
67 225 587 892
49 957 -308 645
771 330 -712 -595
996 536 -777 111
216 753 -495 -799
843 982 494 976
488 797 -8 101
266 462 263 -449
147 228 516 284
474 65 -487 -420
696 569 347 -368
96 949 220 -347
202 1000 -668 -772
971 216 -60 -176
987 684 -879 -535
545 416 -493 -715
67 280 275 -615
398 379 542 47
64 903 585 392
65 45 354 707
798 603 -356 -328
741 20 -246 -433
923 501 -664 654
757 146 -564 -712
324 433 904 750
851 695 -91 800
552 425 394 212
987 993 -10 -255
984 578 -697 -334
106 669 -838 -101
390 462 -705 -499
922 241 -740 -199
834 59 -702 554
516 221 467 -403
430 567 -324 392
927 318 -476 590
506 907 918 155
869 704 -379 -19
189 359 192 -680
157 447 433 -959
699 243 365 -438
754 529 -171 188
664 280 600 -880
174 818 296 582
336 675 -238 230
235 279 461 -502
-138 -259 3871
-761 773 6977
79
757 295 -30 902
593 745 -502 759
321 465 43 -211
675 513 263 -995
52 168 251 14
34 426 779 -850
150 734 566 -919
946 963 537 -61
95 82 324 -505
294 273 734 526
396 321 890 937
775 88 554 -288
825 939 257 829
550 523 379 -982
903 772 -655 -987
944 227 -232 953
553 217 377 -673
644 347 381 421
839 101 -481 -415
392 27 -943 460
378 595 -780 871
174 102 27 -522
138 156 749 -203
534 299 -1000 -60
543 344 -984 -624
500 652 950 -36
47 801 496 -747
24 105 -117 932
689 186 -432 -726
776 227 896 201
359 824 4 726
85 546 -977 191
574 422 611 483
929 820 308 -727
719 744 382 503
213 97 528 -751
302 578 -487 -277
464 273 75 -445
680 520 -631 -337
365 533 92 -607
883 675 155 -391
889 19 -3 -455
740 427 -412 978
934 712 535 -496
737 970 725 852
605 346 533 290
127 285 -778 911
865 85 -120 -610
939 528 -292 272
362 640 299 -373
441 168 668 -817
810 75 473 977
177 12 335 -514
205 345 579 928
134 157 -829 -733
196 954 377 464
683 260 442 -688
433 139 710 -319
644 126 143 -806
203 972 -709 857
726 797 827 -823
981 782 656 893
292 762 -846 806
399 928 -655 230
663 278 -14 -34
745 445 98 945
534 834 -304 659
120 112 980 566
562 727 653 -142
895 502 643 -990
839 120 474 -415
540 141 -531 779
133 294 65 518
40 292 -673 602
100 970 35 -18
478 171 676 -256
736 384 457 -553
319 63 994 -334
378 358 341 -217
26 -415 3461
-262 182 3237
6
388 424 -772 -119
449 91 551 689
485 280 -333 680
464 674 6 -773
588 733 -448 932
892 289 -523 -419
-687 -977 2772
170 126 4292
2
111 775 -754 -983
455 955 -391 805
980 -772 2347
-569 539 92
75
529 252 441 -622
497 751 463 753
99 136 -202 -793
556 700 -181 462
49 170 47 432
85 908 -670 -793
74 510 -988 -946
205 854 698 911
241 625 479 -673
793 589 863 -552
309 862 141 802
602 295 104 465
19 316 828 -794
175 442 -901 -381
889 880 -517 134
547 97 147 251
135 766 207 -502
411 811 -868 759
541 141 -493 -974
526 740 731 699
822 213 494 731
992 564 316 -802
998 395 489 -193
359 290 9 -910
800 983 -235 178
444 682 313 -511
10 273 -403 -754
512 776 567 -489
880 754 -338 36
927 778 -19 191
384 827 893 848
280 364 382 73
801 492 -969 -282
145 649 -469 -472
376 758 -54 306
934 17 653 628
519 93 -998 159
81 550 -108 5
265 382 -87 -948
653 100 -562 834
493 167 223 938
715 417 755 653
83 419 773 885
202 893 776 -944
787 958 998 388
595 363 -287 -81
339 927 -574 -208
283 416 317 49
982 424 920 575
526 627 794 -486
654 664 -304 491
469 828 830 260
817 304 209 -968
502 737 872 583
612 894 602 -565
554 266 -731 313
124 225 377 -949
772 632 -163 265
982 254 -1000 306
431 598 378 -844
632 423 -964 986
704 637 -783 73
605 987 695 699
667 240 -82 -711
486 495 359 -562
367 321 711 578
343 904 731 899
671 300 -6 -445
823 456 -210 58
282 118 -509 703
113 333 -199 -337
245 562 902 415
404 459 694 -241
109 980 467 587
888 938 959 767
-1000 -357 2063
972 335 7994
31
692 464 -243 -826
184 684 -982 974
478 814 -375 829
581 667 -275 -696
720 150 -259 -206
829 563 -148 611
666 198 8 -865
244 673 626 315
879 407 -450 128
799 927 -167 319
699 452 -799 -424
626 953 906 722
452 330 -957 848
988 40 698 500
622 781 836 297
610 820 686 -931
232 279 -796 412
578 725 127 451
345 342 -982 -27
823 723 -487 140
940 395 364 708
699 279 863 -14
133 96 -658 313
316 686 -740 420
690 803 -565 -935
861 392 332 -606
128 490 -593 -40
124 380 875 475
423 913 264 979
223 111 -601 30
888 834 771 -817
725 710 4833
904 644 7904
64
586 935 496 962
398 290 876 -352
429 342 -57 983
989 256 -252 -542
21 441 542 -536
181 863 124 404
598 350 -256 118
395 272 56 -185
414 856 455 104
302 579 723 -235
814 475 -712 908
480 64 -608 -755
797 274 986 772
33 407 -614 695
818 966 758 870
327 364 -724 -325
901 479 463 229
831 599 -19 377
409 670 -882 -457
534 889 894 114
634 700 542 -952
463 933 254 141
16 760 -773 299
953 428 116 -895
348 209 -100 -348
96 383 -518 -188
238 995 654 375
460 302 233 -1000
324 341 239 -757
631 499 -15 -251
582 129 -539 515
403 54 138 -490
120 894 681 134
541 94 -655 550
312 954 -86 -554
885 374 611 77
493 210 708 60
978 168 -571 945
831 256 -502 -19
791 256 991 -471
923 146 731 -707
588 57 -621 -460
541 426 409 -562
134 535 -553 461
26 644 -112 -409
59 292 323 17
42 972 135 -400
559 93 -252 690
884 517 -468 200
889 600 -379 -511
37 555 17 -508
952 496 -931 923
995 371 -297 -829
114 333 602 -949
503 396 -195 -751
296 778 938 347
40 947 -937 545
500 269 -988 -594
883 181 -768 877
448 401 716 -439
280 984 -333 -747
800 315 538 -395
454 457 -154 -754
246 226 737 621
345 939 1981
392 -559 2388
13
998 601 854 -93
319 165 -391 305
331 253 -74 -978
428 716 915 -520
72 298 -994 -211
672 586 814 361
35 756 -759 545
101 782 -181 625
973 446 315 662
493 456 167 -820
641 843 479 -257
735 187 80 -939
135 276 494 137
642 104 1235
-154 -287 2606
15
977 975 801 878
526 164 116 861
202 669 932 -246
850 895 -298 131
990 951 713 152
370 327 -199 -303
440 419 -720 280
310 22 -330 -139
817 766 -793 -304
300 69 -664 -339
645 524 635 -11
492 686 787 -908
973 994 -512 826
874 973 -702 143
206 941 34 -519
720 -523 1137
-115 554 9321
77
865 18 -96 559
20 328 592 -306
748 960 8 -436
316 740 675 -980
801 175 712 824
802 306 -304 -747
538 722 980 518
170 524 -195 164
291 594 -137 305
527 23 -736 150
483 52 -286 20
261 923 -369 -389
845 827 755 53
15 22 -158 -1000
192 563 -918 465
521 636 166 -643
858 313 193 -502
920 621 -796 -343
981 526 -280 667
468 805 499 -310
729 57 -372 962
578 905 -631 10
212 813 -326 -913
310 456 -957 -103
499 451 -712 -976
856 596 -755 -409
838 30 486 650
172 271 -500 119
588 534 830 -874
463 226 468 -538
888 49 281 -280
277 922 -306 335
537 518 -49 7
306 573 -532 63
692 202 -826 -550
861 785 -774 902
424 221 -436 -307
231 133 -994 -913
637 610 -884 86
849 300 -745 248
12 658 -644 -122
292 33 -144 519
61 306 964 -635
882 872 590 473
434 645 -943 950
739 706 -961 174
181 188 -112 305
548 242 -419 510
776 64 718 806
456 579 948 -277
224 765 -710 -158
555 554 -595 15
706 281 664 -814
569 275 761 365
817 600 862 702
594 615 947 183
629 154 -691 914
301 216 838 -1000
596 315 454 -772
733 822 434 563
427 405 -274 -131
959 969 698 56
262 60 767 506
466 209 734 64
28 258 483 164
841 275 -73 -901
847 985 189 -792
841 949 -598 909
950 309 632 -83
663 648 325 -54
85 598 -201 669
442 319 458 897
973 246 31 644
612 141 -138 -782
856 747 -623 -922
965 463 -985 27
552 393 -415 34
344 -146 4401
-978 -903 2849
93
448 126 -121 -670
706 61 276 141
96 110 -979 830
981 301 595 -819
190 501 -287 116
257 975 629 287
197 152 947 -27
449 230 857 -991
845 852 -723 -916
934 217 991 -355
528 860 -632 611
597 11 -241 -655
75 337 -523 104
74 93 -634 731
559 713 -913 -943
292 472 851 -908
401 121 -628 -136
157 408 -697 -301
572 497 -614 443
190 913 -163 836
511 373 -662 47
610 755 834 79
665 72 98 251
276 256 -891 999
282 686 932 240
953 675 881 -333
991 962 -127 -862
934 183 -304 -934
271 306 224 293
255 27 -874 778
713 319 -630 -630
822 734 -814 737
612 710 -676 816
548 878 -419 -901
344 911 -922 152
62 213 762 -229
522 91 -871 -541
145 19 -625 770
90 494 854 -937
190 96 433 426
330 774 17 -188
630 913 37 -852
176 106 902 -915
143 528 560 -624
136 538 -737 -379
450 571 639 -616
694 678 273 -631
163 933 -910 -861
590 775 -58 714
74 867 -929 281
464 566 -533 265
918 370 338 -442
243 688 530 -379
757 54 -628 222
245 324 257 -72
538 596 583 -463
690 129 -177 768
123 119 24 -749
972 723 209 -22
572 520 769 -592
741 543 -901 -308
70 513 -765 -931
901 105 -985 614
206 824 -222 -676
113 295 122 -356
339 423 511 -595
999 352 -194 606
630 634 -439 -1000
201 288 -724 965
118 839 587 -298
907 742 479 -268
40 642 392 -582
832 751 -805 -89
549 369 -910 -322
587 108 146 972
554 851 929 -41
370 949 -647 -721
33 162 -649 491
397 433 259 29
230 328 -911 -212
497 184 -283 -970
492 667 622 656
685 739 68 -816
232 926 832 -380
409 667 116 -83
72 235 973 875
324 678 413 867
658 886 44 171
527 995 458 -110
655 402 -920 -969
913 654 -988 131
272 299 -358 -341
455 324 -850 -565
-952 -333 1121
134 976 6486
41
792 890 -204 915
111 220 -350 278
564 710 -179 485
40 109 -460 500
392 144 856 407
160 368 -537 -508
922 297 -162 378
771 847 920 190
235 69 905 311
297 399 579 578
809 295 317 -600
949 337 -970 213
708 527 800 632
621 590 355 346
32 99 -129 -947
927 704 659 123
285 910 478 -508
619 999 -39 519
453 315 -688 -159
484 279 -838 -769
559 298 257 -740
287 329 -264 702
471 164 978 86
663 818 144 -38
846 361 49 47
747 819 -835 -283
752 395 717 293
570 558 427 -750
334 246 620 254
542 865 -378 235
946 26 -502 -138
100 441 -724 -376
561 110 95 247
129 203 359 100
160 284 973 -563
636 578 -461 164
419 987 -149 470
424 493 756 -482
486 85 66 371
927 413 759 589
123 326 284 87
254 -1000 2377
-324 -716 2548
13
551 931 431 131
410 966 624 -514
944 479 -899 564
466 913 -680 -481
446 187 827 -304
459 657 -525 778
175 119 900 -292
583 628 886 -979
954 524 380 -296
308 243 975 -159
695 413 829 378
360 387 413 -218
641 282 155 -359
-416 -407 1443
-549 962 7234
21
378 111 -150 -346
38 132 -496 -254
922 245 100 -327
224 903 960 -254
278 478 -57 -955
758 535 -230 -35
917 342 234 385
334 351 -29 257
128 850 356 -370
922 384 -563 678
551 156 437 -439
878 559 -889 -437
938 125 702 -790
158 530 -250 187
160 746 -61 128
716 926 610 67
15 949 918 -16
673 764 -624 -838
855 210 -583 -937
693 925 575 -517
221 964 -50 -263
586 -664 1033
-810 228 1987
21
415 959 -1000 17
491 661 -826 -43
278 224 992 -268
917 644 152 761
522 976 88 -580
144 460 -158 97
867 216 -835 -877
958 76 176 -714
260 430 -650 -726
682 154 380 -710
703 812 -852 271
684 97 -124 322
758 772 887 127
739 886 -211 -391
169 145 431 -365
808 795 -793 909
272 746 -107 -441
571 986 828 3
745 541 -526 -851
775 570 769 -796
279 284 -839 761
435 926 3102
-114 519 7033
45
327 173 74 44
936 43 -367 190
649 890 998 -868
674 278 -847 478
737 741 -208 -653
354 987 563 351
211 516 -626 110
144 936 542 53
129 989 -196 -836
389 327 41 -474
298 995 -957 281
801 497 -991 -913
606 445 788 -998
165 835 -172 491
254 85 -707 -676
737 617 -880 -538
803 57 633 587
374 158 237 -526
317 739 113 -16
671 475 -766 -50
374 901 -884 383
127 577 -778 -590
371 253 -239 -678
130 970 -768 679
48 975 579 104
227 337 -178 854
758 204 643 -733
194 380 -503 113
882 996 -787 -403
804 621 635 485
481 339 591 -820
469 910 406 -214
998 168 -302 -178
306 319 -1000 -934
834 467 196 -202
500 833 -322 -573
659 142 -942 641
764 73 514 62
15 967 401 -661
10 876 160 -568
780 309 -501 488
270 792 -60 -43
273 713 -667 -387
624 87 -31 -643
607 267 -43 779
427 -682 1101
473 7 8558
39
584 996 -917 -983
368 872 -250 940
591 341 2 -944
260 932 686 929
49 721 -355 -961
255 132 622 -721
811 491 -425 351
694 892 -36 81
611 20 885 578
856 66 -271 -234
497 486 568 -796
757 950 -131 -571
26 419 524 -460
57 958 -101 -586
105 729 2 286
760 589 959 -215
658 586 446 660
905 371 635 939
412 648 -102 847
586 875 -904 62
236 870 -651 324
305 844 701 -626
259 772 766 557
365 698 -204 -558
243 51 -34 -126
216 982 -246 317
516 611 -379 -185
880 68 -942 102
335 842 -448 -132
303 299 995 833
949 32 -172 -751
881 735 -264 -423
578 21 551 686
459 116 -599 -372
958 816 29 -682
692 18 -190 392
486 142 -781 821
601 133 986 -64
739 25 -298 943
-310 -485 2551
835 -487 4475
61
761 887 658 -377
634 828 -411 -678
666 862 164 -703
225 838 -844 416
757 937 -403 340
764 313 351 -62
433 195 128 527
784 410 -985 41
140 51 -427 732
796 216 941 894
981 350 406 350
275 540 -685 890
569 15 -494 -520
265 545 436 -537
563 586 -173 -92
723 718 992 371
90 182 211 47
221 416 -768 -901
580 173 -70 551
120 967 464 195
959 278 -721 -895
321 42 -16 391
213 285 -880 -269
400 268 122 896
957 569 -814 -31
243 244 158 -626
772 608 -528 159
314 83 779 -280
238 202 137 -734
556 188 -529 -592
291 530 194 879
415 217 -47 548
609 468 -88 -972
647 398 621 -265
152 181 444 -80
789 581 299 -499
443 200 -256 -941
350 828 -61 -613
415 713 -457 656
744 132 640 -846
77 265 35 131
492 833 -517 -494
417 826 179 -574
408 280 845 47
313 688 -43 342
340 613 -448 621
197 933 203 247
355 30 -652 398
837 741 230 -211
221 487 26 843
716 800 62 110
803 84 -424 -403
135 698 -433 508
749 409 -109 323
189 207 827 -568
69 605 248 385
610 238 -362 -633
920 464 -446 587
955 124 -551 431
891 851 44 -301
828 695 -965 512
316 532 2499
-25 578 4323
42
171 308 -318 -478
968 277 207 -24
598 543 -345 809
88 432 851 956
820 35 -190 -907
314 652 -202 -172
348 713 -949 -586
844 160 -931 947
773 786 -217 4
434 169 405 886
421 902 650 -862
771 160 767 -72
491 870 950 731
868 323 495 -738
533 688 -379 551
791 904 -110 539
275 891 -880 352
980 116 953 -579
379 649 -68 -857
277 266 -932 -90
292 308 -86 437
499 44 -25 277
894 901 -671 932
903 437 732 752
487 552 -1000 -708
10 472 14 -955
548 656 -800 -261
487 716 -172 -919
519 387 950 -193
383 329 -453 105
796 474 451 590
320 264 689 -58
682 782 858 70
441 195 677 -960
991 619 -886 878
490 349 732 723
176 155 -101 859
801 580 -126 73
603 117 -141 -593
591 847 -96 -275
566 315 -737 -363
881 866 -325 -178
14 -541 1689
241 785 4161
95
243 267 547 -628
972 514 95 -384
154 859 866 -121
225 57 -382 -32
552 836 -895 -808
522 837 721 -223
473 675 141 -538
191 560 -781 968
645 571 269 -951
492 290 288 684
624 84 -101 422
440 213 -896 107
769 364 -186 518
193 217 -269 832
500 80 -904 -516
500 311 529 -772
741 528 316 -769
577 479 173 -120
195 526 -196 343
341 679 725 800
555 769 326 -706
47 425 446 -782
12 35 473 916
697 555 -157 -40
200 617 -885 -950
177 844 -508 25
713 62 63 221
618 523 407 -3
107 49 251 983
303 146 329 194
465 395 -653 149
200 423 -618 -413
112 144 335 -745
290 614 -163 933
386 674 -984 276
242 140 319 882
465 475 -677 -121
508 784 105 914
93 308 455 530
667 299 -514 482
173 665 77 -163
887 919 -509 -925
377 363 80 -565
570 642 833 214
271 173 -614 997
287 437 533 -40
857 589 -576 890
177 262 790 311
299 398 -517 -145
808 891 494 -490
961 378 -40 -796
596 654 -211 837
683 596 658 605
558 968 -889 821
662 495 -625 623
223 844 197 218
732 269 -694 992
92 373 -873 125
590 565 -522 -840
854 147 218 -924
943 255 587 989
743 723 -557 -911
106 135 -595 923
361 917 -559 115
435 996 -355 -514
601 600 681 416
284 983 -252 -931
567 801 -520 -901
184 654 542 -850
923 106 356 -994
100 380 225 -689
343 721 860 -380
345 185 572 -245
453 651 251 809
552 710 -705 -131
529 570 518 -823
319 505 623 732
226 966 -85 536
107 982 185 -890
864 842 -616 -901
235 333 -656 500
811 302 -517 710
78 508 -813 557
157 585 -876 -406
729 703 -846 -220
153 746 -250 251
543 285 357 -505
405 588 374 792
100 576 45 -874
155 777 38 -257
82 13 479 -575
123 870 -904 623
741 94 -937 -664
218 500 944 58
889 583 -358 923
-629 424 2666
461 -148 8261
61
113 102 -930 -290
290 305 764 -301
684 156 -922 344
856 155 -832 -558
650 479 767 647
150 71 82 161
128 905 -441 257
409 50 -388 136
56 328 -824 -198
411 402 105 431
664 478 -203 -23
607 657 372 -143
272 483 -640 -847
372 620 726 162
261 412 -227 909
985 814 -478 -184
827 908 -517 -364
170 915 896 924
823 647 406 120
917 245 -593 823
563 393 -931 -151
672 749 -692 761
714 665 740 158
935 683 -415 828
338 957 301 714
514 463 -575 424
270 981 -287 -391
714 12 -208 -802
671 832 17 -877
335 310 -342 476
576 444 -632 102
78 749 950 431
866 70 419 -291
984 925 -277 -964
370 840 534 -785
13 76 371 -641
938 959 -888 -841
686 286 -138 964
385 582 -934 -866
199 994 476 -685
780 569 653 -522
795 650 21 -751
730 280 -876 -476
511 230 587 414
295 646 -224 557
637 177 245 641
172 159 739 -496
746 559 110 -16
93 855 -974 830
347 518 896 -205
198 813 -655 -1000
538 854 728 -925
566 197 485 -356
39 678 596 -162
52 504 -679 375
406 301 482 312
842 410 -700 503
28 47 -335 -665
928 841 701 651
898 533 977 -482
848 54 -508 -534
21 635 3169
252 -885 8014
12
130 906 849 530
236 81 573 -374
69 836 -760 -385
778 179 -327 355
358 869 -922 158
892 907 -793 70
494 942 193 80
382 788 -482 756
362 576 422 5
949 203 -652 38
823 128 -651 910
803 481 334 675
482 -515 3393
-302 -346 8024
29
315 736 -465 -57
984 415 -225 361
534 239 288 -335
739 940 -223 41
869 956 -393 -812
42 89 -859 -783
250 145 -792 -712
414 562 -682 812
667 780 -631 -27
127 34 -58 -436
349 992 -676 -997
526 281 -504 393
619 749 -948 -471
573 109 263 -643
502 739 226 668
906 311 -722 -560
352 336 -535 107
98 889 -381 138
293 520 861 696
527 557 -586 644
557 967 -310 11
978 54 417 -772
608 49 780 -217
448 495 -949 -617
779 317 650 -358
474 39 751 -348
622 814 341 -885
106 686 96 -901
602 904 587 242
-220 -374 3515
-895 566 8360
25
763 563 311 -478
882 221 -134 702
616 830 225 -597
837 601 -211 -831
716 722 -532 37
23 268 -907 -460
179 637 393 890
868 848 -259 -436
914 73 -566 -530
253 688 -469 89
89 13 835 -850
460 587 -682 807
822 288 800 938
654 538 -409 470
31 193 -508 873
591 165 -251 -131
674 482 -714 383
386 37 -64 -746
128 163 153 -52
98 245 -509 770
482 549 -20 -154
232 281 132 740
283 277 -362 932
654 701 108 -715
928 764 610 -457
-988 913 2601
924 -907 8490
11
951 842 677 199
478 365 -707 -924
78 312 -450 259
495 951 948 -586
591 480 220 989
698 996 -918 -111
224 527 -466 117
479 1000 -661 -616
350 364 419 193
190 992 824 260
600 234 -337 -268
251 500 4306
-433 446 9918
13
149 160 -319 515
106 572 557 -822
96 76 -31 488
299 107 -892 560
677 381 296 346
807 541 251 -407
954 261 311 917
235 825 761 150
272 431 -229 501
836 201 -826 74
548 843 -972 -791
638 306 -260 -904
568 770 -235 -790
411 -88 1321
224 -67 6312
1
338 33 -418 -889
-265 -451 4058
-199 682 5320
94
989 25 -560 104
945 661 524 -554
80 11 902 -358
873 654 662 827
953 324 886 -263
479 210 474 -681
369 178 710 143
313 622 -523 672
205 318 332 -304
1000 473 230 800
453 229 882 -436
287 312 -308 -350
936 810 -931 20
679 236 -742 97
104 788 -510 488
508 345 361 323
313 885 558 149
468 861 990 435
469 419 -561 -931
271 570 -635 17
963 432 563 -679
866 383 -610 -625
765 435 -979 -782
120 540 -907 284
16 87 -55 -739
43 397 -181 -804
430 388 -80 -725
393 709 -844 -152
45 306 -756 -220
948 302 682 -223
108 274 636 -533
784 207 -43 409
670 830 -216 421
814 100 197 71
595 842 -98 -233
597 523 -603 -15
158 302 -507 24
946 276 -805 -931
980 212 -734 71
37 298 560 -754
877 141 615 395
512 411 -502 -547
116 203 27 -226
985 978 363 -356
19 604 -855 -392
676 605 -235 -183
163 548 317 -136
369 478 -336 -724
427 467 587 -154
659 15 110 -340
327 31 -466 -775
800 595 867 -510
318 92 380 -507
969 723 926 -588
827 463 580 -359
842 290 -1000 -109
432 458 -132 -13
956 447 -307 396
846 469 955 -306
868 33 456 -52
607 692 211 251
707 645 -392 746
641 399 700 782
395 785 463 443
415 123 -292 -740
198 213 23 -801
332 109 347 -979
296 861 -412 236
807 950 -163 100
325 196 275 -742
129 681 761 473
151 139 295 551
199 507 529 84
429 365 -16 -768
614 13 521 433
195 635 -683 -402
145 989 -808 -895
905 341 758 -958
811 618 518 502
122 834 488 -710
17 72 921 537
128 85 758 155
418 100 -346 -47
295 529 56 -196
748 243 207 -529
750 282 -498 -279
451 849 -759 -369
544 567 590 -271
538 963 100 340
204 220 523 -924
520 785 723 -133
344 462 -466 224
974 610 -325 906
547 285 557 -232
-135 198 4577
124 -624 1043
11
676 544 -775 -426
917 937 -756 -880
520 610 983 -394
60 825 -484 517
670 702 -34 -118
713 518 -22 251
921 226 722 -404
434 808 674 791
302 698 632 536
876 721 807 -148
547 232 679 633
899 851 2281
-601 -7 1343
13
811 347 -964 305
944 229 477 379
680 98 -246 284
958 165 363 873
36 652 48 -684
22 368 406 -94
960 777 944 929
495 864 933 277
297 661 -283 116
216 431 503 -919
758 756 -519 -105
118 329 -602 771
298 37 -955 -72
826 -28 2537
-925 -97 7847
76
907 524 102 926
107 625 469 851
891 701 -772 -439
383 536 -817 -92
549 328 364 -490
109 658 768 -310
747 993 12 -478
738 967 -49 -853
830 657 700 -517
235 453 -922 920
115 813 -309 -627
79 28 858 725
851 337 -449 -290
276 434 351 700
689 273 47 53
911 670 -955 -295
714 982 -9 -162
473 362 -532 677
703 451 218 -598
661 473 395 -484
305 225 -43 152
12 352 951 -423
303 652 776 -683
474 429 949 -461
864 214 227 276
981 579 656 -175
836 362 -171 665
276 831 98 -154
554 517 877 89
867 377 -856 705
555 441 381 845
374 221 -35 280
619 598 -826 -638
232 66 -310 -856
577 998 -29 671
678 763 -724 566
689 46 -922 -296
886 370 219 932
513 900 -475 -130
1000 275 -448 -585
506 241 985 -667
123 477 980 447
383 583 872 -724
184 287 -94 827
488 219 -983 -93
519 824 522 -719
644 659 -739 154
55 291 -477 -823
720 876 203 -316
509 404 863 308
40 675 708 1000
100 467 -678 -184
11 63 -535 634
227 378 -577 -144
505 26 -931 -181
569 831 324 872
537 338 452 352
591 922 720 -937
493 778 -392 -302
696 798 426 747
580 933 536 -356
311 300 579 449
262 940 182 -148
378 124 -184 -589
324 779 -282 598
732 289 789 -274
927 434 -495 -580
381 214 178 389
252 945 -223 -21
127 276 288 -841
508 788 531 -103
979 820 -343 -883
926 65 -880 887
723 757 -379 21
683 358 335 920
711 942 -680 944
-13 -346 2169
-825 458 990
85
267 675 908 923
251 271 -813 980
65 633 -16 -675
602 338 -73 -222
741 671 981 -751
703 426 -996 -714
708 630 575 441
712 658 -76 170
891 818 212 437
525 451 -535 -253
897 18 103 -166
739 223 -94 -673
644 521 -249 -809
939 475 -639 -486
944 325 188 -969
889 813 55 434
573 377 893 925
638 935 -449 -163
171 534 721 -625
820 565 -589 -328
583 223 -940 -709
117 355 572 -880
274 438 -289 -961
558 65 -361 560
502 244 96 711
421 603 -327 -480
624 973 -665 179
892 584 784 104
963 104 -982 -113
912 316 809 -142
761 252 146 -163
830 974 937 -360
202 563 -504 -811
214 167 -888 770
500 238 900 -80
877 995 -270 -130
686 40 783 -701
51 330 614 683
920 659 497 -607
268 47 -863 -362
208 519 105 740
255 946 -497 -841
434 142 -328 590
987 688 756 -784
758 220 -561 -199
89 640 704 798
847 759 -854 102
138 130 -826 440
905 665 -425 698
482 467 -128 -487
705 124 -455 -989
687 123 -163 -235
730 801 320 -62
350 495 770 248
265 630 -710 874
334 703 961 927
718 189 632 -294
688 945 368 -994
24 93 -82 -284
732 596 105 -325
304 650 -427 -589
25 54 423 905
390 578 341 -385
416 938 -553 691
90 161 431 -616
593 326 539 101
764 784 -848 -194
549 85 -691 -713
759 631 881 57
202 884 331 -457
59 268 238 235
477 587 -652 -474
34 600 -855 54
627 305 100 -1000
413 382 861 657
430 48 -540 332
551 732 -310 385
28 786 -891 422
517 490 -317 -780
711 269 879 -249
479 707 -340 863
442 476 -336 -181
636 876 -420 -892
766 586 -224 -368
290 842 -577 -937
716 -523 2729
-553 -650 553
23
287 646 -677 -907
940 296 556 -551
40 908 -433 26
554 636 13 -355
602 481 958 -748
268 52 -911 -739
198 218 -113 626
41 726 -519 -277
509 870 912 401
866 118 -485 305
203 16 -716 -779
309 961 -886 272
845 955 269 221
814 550 737 451
898 187 -972 -381
605 607 -882 -921
378 924 -103 -931
830 995 -437 29
127 572 -464 403
650 108 936 274
895 977 -379 -514
711 613 143 25
545 125 689 -220
635 571 3702
-401 737 9649
13
891 563 221 -454
871 670 185 -275
504 748 269 -711
981 259 -915 -246
363 397 231 995
539 472 -343 701
542 275 935 -233
954 655 710 -792
184 752 -129 -463
919 370 932 803
245 91 566 365
174 295 314 383
97 543 -235 563
562 121 3406
907 569 3737
59
268 785 347 260
985 467 -64 -193
597 762 738 804
794 32 995 -253
976 607 704 -34
494 247 -640 -44
168 968 850 264
740 20 383 261
982 177 102 -34
320 11 472 357
675 257 456 878
792 928 -894 477
400 998 -400 -36
501 175 366 -187
109 98 794 783
594 511 -293 -658
935 976 -416 54
962 702 554 -181
714 738 50 761
316 716 984 667
740 678 562 -88
469 581 -982 851
430 877 462 -407
343 622 -340 -140
424 165 -669 261
476 153 -254 493
220 48 481 812
995 492 -679 752
82 220 -665 266
491 596 569 -785
877 879 -92 484
661 258 542 911
604 263 287 -136
840 166 -739 740
351 221 -73 -390
162 478 703 -520
348 256 188 -721
19 974 392 59
735 275 254 -624
685 19 63 873
810 695 -656 707
165 821 -250 -564
82 234 -925 570
889 240 -985 -844
359 896 209 -900
549 370 635 -212
413 565 521 749
202 832 -694 213
97 152 677 633
175 384 317 251
958 320 533 -364
672 972 116 893
197 924 -129 81
238 594 782 -907
398 332 266 566
21 542 -310 781
834 154 614 546
630 893 361 -553
25 364 14 -704
854 109 2571
-870 692 2060
43
411 687 -780 -853
787 884 776 218
753 282 773 -781
656 395 -340 -872
432 970 581 -632
405 184 -19 -602
489 632 611 -169
737 22 -565 528
164 568 955 119
926 469 -720 -193
996 482 -222 674
278 399 364 -267
435 319 563 172
772 173 -731 209
368 669 42 665
642 597 132 222
508 800 440 304
170 116 -223 347
632 967 406 -46
761 330 179 5
584 593 665 192
145 945 -586 218
54 649 -787 654
987 896 -628 -859
979 211 719 -328
22 56 -429 812
488 519 -70 76
425 829 617 -553
375 117 303 -188
268 439 276 305
717 849 549 -533
431 437 269 99
278 883 755 -310
341 403 36 -493
791 132 925 -139
326 34 -393 850
88 338 218 -199
645 882 -964 -921
984 199 662 362
812 524 -976 125
311 340 -540 -844
952 296 -931 586
28 657 -133 -6
