32
-1000 -1000 -1000 -1000 -1000
-1000 -1000 -1000 -1000 1000
-1000 -1000 -1000 1000 -1000
-1000 -1000 -1000 1000 1000
-1000 -1000 1000 -1000 -1000
-1000 -1000 1000 -1000 1000
-1000 -1000 1000 1000 -1000
-1000 -1000 1000 1000 1000
-1000 1000 -1000 -1000 -1000
-1000 1000 -1000 -1000 1000
-1000 1000 -1000 1000 -1000
-1000 1000 -1000 1000 1000
-1000 1000 1000 -1000 -1000
-1000 1000 1000 -1000 1000
-1000 1000 1000 1000 -1000
-1000 1000 1000 1000 1000
1000 -1000 -1000 -1000 -1000
1000 -1000 -1000 -1000 1000
1000 -1000 -1000 1000 -1000
1000 -1000 -1000 1000 1000
1000 -1000 1000 -1000 -1000
1000 -1000 1000 -1000 1000
1000 -1000 1000 1000 -1000
1000 -1000 1000 1000 1000
1000 1000 -1000 -1000 -1000
1000 1000 -1000 -1000 1000
1000 1000 -1000 1000 -1000
1000 1000 -1000 1000 1000
1000 1000 1000 -1000 -1000
1000 1000 1000 -1000 1000
1000 1000 1000 1000 -1000
1000 1000 1000 1000 1000

1
3 3 3 3 3

2
10 10 10 10 10
20 20 20 20 20

32
2000 2000 2000 2000 2000
2000 2000 2000 2000 4000
2000 2000 2000 4000 2000
2000 2000 2000 4000 4000
2000 2000 4000 2000 2000
2000 2000 4000 2000 4000
2000 2000 4000 4000 2000
2000 2000 4000 4000 4000
2000 4000 2000 2000 2000
2000 4000 2000 2000 4000
2000 4000 2000 4000 2000
2000 4000 2000 4000 4000
2000 4000 4000 2000 2000
2000 4000 4000 2000 4000
2000 4000 4000 4000 2000
2000 4000 4000 4000 4000
4000 2000 2000 2000 2000
4000 2000 2000 2000 4000
4000 2000 2000 4000 2000
4000 2000 2000 4000 4000
4000 2000 4000 2000 2000
4000 2000 4000 2000 4000
4000 2000 4000 4000 2000
4000 2000 4000 4000 4000
4000 4000 2000 2000 2000
4000 4000 2000 2000 4000
4000 4000 2000 4000 2000
4000 4000 2000 4000 4000
4000 4000 4000 2000 2000
4000 4000 4000 2000 4000
4000 4000 4000 4000 2000
4000 4000 4000 4000 4000

32
-980 -978 -925 -871 -989
-980 -978 -925 -871 1070
-980 -978 -925 1191 -955
-980 -978 -925 1191 1190
-980 -978 1116 -879 -855
-980 -978 1116 -879 1192
-980 -978 1116 1166 -968
-980 -978 1116 1166 1106
-980 1194 -937 -949 -804
-980 1194 -937 -949 1137
-980 1194 -937 1107 -962
-980 1194 -937 1107 1180
-980 1194 1175 -945 -863
-980 1194 1175 -945 1046
-980 1194 1175 1187 -851
-980 1194 1175 1187 1103
1154 -977 -913 -946 -877
1154 -977 -913 -946 1191
1154 -977 -913 1178 -819
1154 -977 -913 1178 1045
1154 -977 1136 -813 -906
1154 -977 1136 -813 1160
1154 -977 1136 1173 -886
1154 -977 1136 1173 1059
1154 1134 -981 -835 -995
1154 1134 -981 -835 1036
1154 1134 -981 1088 -858
1154 1134 -981 1088 1173
1154 1134 1147 -859 -956
1154 1134 1147 -859 1108
1154 1134 1147 1126 -976
1154 1134 1147 1126 1059

8
-920 -913 -996 0 0
-920 -913 1176 0 0
-920 1019 -819 0 0
-920 1019 1199 0 0
1178 -804 -895 0 0
1178 -804 1058 0 0
1178 1028 -919 0 0
1178 1028 1128 0 0

8
0 -920 -913 -996 0 
0 -920 -913 1176 0
0 -920 1019 -819 0
0 -920 1019 1199 0
0 1178 -804 -895 0
0 1178 -804 1058 0
0 1178 1028 -919 0
0 1178 1028 1128 0

16
-869 -828 -869 -878 0
-869 -828 -869 1171 0
-869 -828 1190 -811 0
-869 -828 1190 1117 0
-869 1028 -985 -877 0
-869 1028 -985 1052 0
-869 1028 1107 -876 0
-869 1028 1107 1026 0
1163 -911 -940 -801 0
1163 -911 -940 1069 0
1163 -911 1011 -998 0
1163 -911 1011 1173 0
1163 1024 -899 -932 0
1163 1024 -899 1181 0
1163 1024 1097 -917 0
1163 1024 1097 1065 0

32
-832 -855 -977 -985 -978
-832 -855 -977 -985 1065
-832 -855 -977 1141 -916
-832 -855 -977 1141 1086
-832 -855 1197 -855 -928
-832 -855 1197 -855 1112
-832 -855 1197 1164 -991
-832 -855 1197 1164 1175
-832 1169 -856 -924 -999
-832 1169 -856 -924 1181
-832 1169 -856 1166 -840
-832 1169 -856 1166 1085
-832 1169 1018 -859 -960
-832 1169 1018 -859 1193
-832 1169 1018 1011 -829
-832 1169 1018 1011 1092
1197 -914 -815 -881 -834
1197 -914 -815 -881 1052
1197 -914 -815 1166 -944
1197 -914 -815 1166 1183
1197 -914 1150 -922 -860
1197 -914 1150 -922 1107
1197 -914 1150 1009 -857
1197 -914 1150 1009 1079
1197 1108 -833 -806 -855
1197 1108 -833 -806 1024
1197 1108 -833 1044 -921
1197 1108 -833 1044 1031
1197 1108 1084 -982 -844
1197 1108 1084 -982 1077
1197 1108 1084 1029 -965
1197 1108 1084 1029 1194
32
-899 -902 -994 -946 -911
-899 -902 -994 -946 1020
-899 -902 -994 1049 -806
-899 -902 -994 1049 1174
-899 -902 1094 -847 -897
-899 -902 1094 -847 1083
-899 -902 1094 1186 -860
-899 -902 1094 1186 1074
-899 1091 -988 -889 -953
-899 1091 -988 -889 1110
-899 1091 -988 1109 -997
-899 1091 -988 1109 1029
-899 1091 1038 -865 -883
-899 1091 1038 -865 1151
-899 1091 1038 1003 -944
-899 1091 1038 1003 1197
1054 -908 -983 -851 -1000
1054 -908 -983 -851 1054
1054 -908 -983 1119 -1000
1054 -908 -983 1119 1143
1054 -908 1132 -915 -840
1054 -908 1132 -915 1165
1054 -908 1132 1051 -930
1054 -908 1132 1051 1062
1054 1063 -850 -857 -854
1054 1063 -850 -857 1000
1054 1063 -850 1045 -909
1054 1063 -850 1045 1197
1054 1063 1102 -855 -848
1054 1063 1102 -855 1027
1054 1063 1102 1083 -801
1054 1063 1102 1083 1103
32
-949 -923 -977 -912 -934
-949 -923 -977 -912 1080
-949 -923 -977 1102 -852
-949 -923 -977 1102 1128
-949 -923 1126 -909 -888
-949 -923 1126 -909 1180
-949 -923 1126 1105 -826
-949 -923 1126 1105 1152
-949 1199 -884 -849 -847
-949 1199 -884 -849 1189
-949 1199 -884 1153 -850
-949 1199 -884 1153 1169
-949 1199 1126 -975 -888
-949 1199 1126 -975 1020
-949 1199 1126 1095 -908
-949 1199 1126 1095 1092
1020 -898 -999 -837 -812
1020 -898 -999 -837 1034
1020 -898 -999 1170 -957
1020 -898 -999 1170 1100
1020 -898 1178 -967 -920
1020 -898 1178 -967 1101
1020 -898 1178 1123 -816
1020 -898 1178 1123 1102
1020 1137 -964 -878 -945
1020 1137 -964 -878 1170
1020 1137 -964 1009 -908
1020 1137 -964 1009 1123
1020 1137 1127 -898 -865
1020 1137 1127 -898 1075
1020 1137 1127 1068 -947
1020 1137 1127 1068 1014
32
-980 -853 -847 -986 -856
-980 -853 -847 -986 1164
-980 -853 -847 1070 -987
-980 -853 -847 1070 1067
-980 -853 1109 -824 -882
-980 -853 1109 -824 1092
-980 -853 1109 1104 -929
-980 -853 1109 1104 1149
-980 1192 -871 -925 -851
-980 1192 -871 -925 1107
-980 1192 -871 1084 -863
-980 1192 -871 1084 1174
-980 1192 1105 -956 -909
-980 1192 1105 -956 1159
-980 1192 1105 1184 -861
-980 1192 1105 1184 1092
1135 -959 -804 -931 -831
1135 -959 -804 -931 1020
1135 -959 -804 1136 -953
1135 -959 -804 1136 1155
1135 -959 1061 -888 -997
1135 -959 1061 -888 1022
1135 -959 1061 1125 -909
1135 -959 1061 1125 1063
1135 1197 -868 -874 -914
1135 1197 -868 -874 1047
1135 1197 -868 1052 -854
1135 1197 -868 1052 1126
1135 1197 1198 -963 -917
1135 1197 1198 -963 1013
1135 1197 1198 1183 -903
1135 1197 1198 1183 1092
32
-949 -831 -895 -938 -833
-949 -831 -895 -938 1093
-949 -831 -895 1151 -911
-949 -831 -895 1151 1145
-949 -831 1170 -833 -1000
-949 -831 1170 -833 1136
-949 -831 1170 1141 -834
-949 -831 1170 1141 1028
-949 1123 -818 -940 -988
-949 1123 -818 -940 1084
-949 1123 -818 1041 -865
-949 1123 -818 1041 1114
-949 1123 1009 -909 -870
-949 1123 1009 -909 1086
-949 1123 1009 1164 -823
-949 1123 1009 1164 1143
1018 -989 -898 -1000 -900
1018 -989 -898 -1000 1024
1018 -989 -898 1121 -871
1018 -989 -898 1121 1150
1018 -989 1142 -833 -866
1018 -989 1142 -833 1197
1018 -989 1142 1121 -843
1018 -989 1142 1121 1108
1018 1185 -987 -939 -898
1018 1185 -987 -939 1145
1018 1185 -987 1139 -890
1018 1185 -987 1139 1114
1018 1185 1168 -911 -817
1018 1185 1168 -911 1108
1018 1185 1168 1147 -932
1018 1185 1168 1147 1034
32
-823 -838 -809 -895 -823
-823 -838 -809 -895 1100
-823 -838 -809 1004 -925
-823 -838 -809 1004 1047
-823 -838 1109 -880 -981
-823 -838 1109 -880 1106
-823 -838 1109 1078 -916
-823 -838 1109 1078 1194
-823 1039 -904 -858 -878
-823 1039 -904 -858 1157
-823 1039 -904 1098 -962
-823 1039 -904 1098 1067
-823 1039 1164 -815 -831
-823 1039 1164 -815 1139
-823 1039 1164 1042 -971
-823 1039 1164 1042 1195
1037 -808 -878 -813 -906
1037 -808 -878 -813 1186
1037 -808 -878 1038 -953
1037 -808 -878 1038 1102
1037 -808 1184 -852 -979
1037 -808 1184 -852 1142
1037 -808 1184 1080 -945
1037 -808 1184 1080 1036
1037 1096 -995 -974 -888
1037 1096 -995 -974 1156
1037 1096 -995 1075 -995
1037 1096 -995 1075 1183
1037 1096 1087 -975 -878
1037 1096 1087 -975 1079
1037 1096 1087 1187 -959
1037 1096 1087 1187 1036
32
-932 -963 -976 -901 -895
-932 -963 -976 -901 1128
-932 -963 -976 1068 -869
-932 -963 -976 1068 1087
-932 -963 1092 -849 -804
-932 -963 1092 -849 1002
-932 -963 1092 1073 -961
-932 -963 1092 1073 1062
-932 1188 -810 -956 -952
-932 1188 -810 -956 1081
-932 1188 -810 1131 -853
-932 1188 -810 1131 1090
-932 1188 1097 -807 -819
-932 1188 1097 -807 1176
-932 1188 1097 1090 -894
-932 1188 1097 1090 1118
1197 -889 -859 -981 -851
1197 -889 -859 -981 1147
1197 -889 -859 1152 -974
1197 -889 -859 1152 1065
1197 -889 1127 -856 -960
1197 -889 1127 -856 1125
1197 -889 1127 1062 -939
1197 -889 1127 1062 1178
1197 1105 -977 -815 -984
1197 1105 -977 -815 1148
1197 1105 -977 1091 -817
1197 1105 -977 1091 1004
1197 1105 1028 -899 -997
1197 1105 1028 -899 1120
1197 1105 1028 1153 -868
1197 1105 1028 1153 1028
32
-957 -861 -835 -986 -961
-957 -861 -835 -986 1076
-957 -861 -835 1181 -960
-957 -861 -835 1181 1007
-957 -861 1016 -979 -992
-957 -861 1016 -979 1043
-957 -861 1016 1034 -827
-957 -861 1016 1034 1072
-957 1169 -847 -885 -891
-957 1169 -847 -885 1107
-957 1169 -847 1004 -981
-957 1169 -847 1004 1122
-957 1169 1185 -806 -987
-957 1169 1185 -806 1146
-957 1169 1185 1179 -874
-957 1169 1185 1179 1166
1079 -880 -971 -951 -897
1079 -880 -971 -951 1180
1079 -880 -971 1066 -822
1079 -880 -971 1066 1103
1079 -880 1153 -959 -949
1079 -880 1153 -959 1100
1079 -880 1153 1032 -999
1079 -880 1153 1032 1029
1079 1124 -821 -896 -833
1079 1124 -821 -896 1021
1079 1124 -821 1148 -850
1079 1124 -821 1148 1037
1079 1124 1012 -998 -937
1079 1124 1012 -998 1129
1079 1124 1012 1147 -908
1079 1124 1012 1147 1030
32
-906 -938 -824 -963 -866
-906 -938 -824 -963 1092
-906 -938 -824 1088 -952
-906 -938 -824 1088 1042
-906 -938 1162 -957 -847
-906 -938 1162 -957 1110
-906 -938 1162 1101 -839
-906 -938 1162 1101 1105
-906 1140 -923 -985 -899
-906 1140 -923 -985 1161
-906 1140 -923 1012 -996
-906 1140 -923 1012 1066
-906 1140 1081 -810 -997
-906 1140 1081 -810 1001
-906 1140 1081 1143 -841
-906 1140 1081 1143 1174
1093 -930 -939 -849 -944
1093 -930 -939 -849 1060
1093 -930 -939 1058 -895
1093 -930 -939 1058 1150
1093 -930 1067 -825 -848
1093 -930 1067 -825 1176
1093 -930 1067 1133 -926
1093 -930 1067 1133 1024
1093 1032 -976 -896 -960
1093 1032 -976 -896 1002
1093 1032 -976 1196 -915
1093 1032 -976 1196 1029
1093 1032 1128 -841 -849
1093 1032 1128 -841 1183
1093 1032 1128 1172 -994
1093 1032 1128 1172 1008
32
-895 -995 -812 -887 -816
-895 -995 -812 -887 1185
-895 -995 -812 1149 -977
-895 -995 -812 1149 1085
-895 -995 1009 -971 -953
-895 -995 1009 -971 1151
-895 -995 1009 1076 -818
-895 -995 1009 1076 1092
-895 1150 -852 -843 -873
-895 1150 -852 -843 1051
-895 1150 -852 1013 -848
-895 1150 -852 1013 1177
-895 1150 1072 -934 -897
-895 1150 1072 -934 1059
-895 1150 1072 1051 -857
-895 1150 1072 1051 1113
1009 -857 -937 -816 -880
1009 -857 -937 -816 1175
1009 -857 -937 1041 -982
1009 -857 -937 1041 1027
1009 -857 1092 -831 -871
1009 -857 1092 -831 1082
1009 -857 1092 1125 -851
1009 -857 1092 1125 1122
1009 1101 -937 -913 -948
1009 1101 -937 -913 1001
1009 1101 -937 1132 -936
1009 1101 -937 1132 1044
1009 1101 1191 -960 -839
1009 1101 1191 -960 1077
1009 1101 1191 1163 -820
1009 1101 1191 1163 1111
32
-961 -807 -825 -921 -958
-961 -807 -825 -921 1052
-961 -807 -825 1187 -950
-961 -807 -825 1187 1048
-961 -807 1017 -983 -973
-961 -807 1017 -983 1028
-961 -807 1017 1158 -853
-961 -807 1017 1158 1045
-961 1189 -977 -975 -971
-961 1189 -977 -975 1112
-961 1189 -977 1041 -866
-961 1189 -977 1041 1016
-961 1189 1195 -942 -965
-961 1189 1195 -942 1029
-961 1189 1195 1190 -841
-961 1189 1195 1190 1045
1021 -859 -811 -819 -911
1021 -859 -811 -819 1171
1021 -859 -811 1088 -814
1021 -859 -811 1088 1157
1021 -859 1010 -802 -998
1021 -859 1010 -802 1011
1021 -859 1010 1006 -977
1021 -859 1010 1006 1003
1021 1142 -924 -807 -930
1021 1142 -924 -807 1164
1021 1142 -924 1132 -988
1021 1142 -924 1132 1057
1021 1142 1035 -948 -868
1021 1142 1035 -948 1146
1021 1142 1035 1154 -830
1021 1142 1035 1154 1080
32
-872 -963 -948 -879 -944
-872 -963 -948 -879 1181
-872 -963 -948 1124 -862
-872 -963 -948 1124 1014
-872 -963 1008 -827 -874
-872 -963 1008 -827 1048
-872 -963 1008 1131 -811
-872 -963 1008 1131 1141
-872 1164 -876 -984 -940
-872 1164 -876 -984 1149
-872 1164 -876 1108 -881
-872 1164 -876 1108 1095
-872 1164 1077 -940 -908
-872 1164 1077 -940 1008
-872 1164 1077 1143 -975
-872 1164 1077 1143 1090
1087 -995 -910 -924 -880
1087 -995 -910 -924 1043
1087 -995 -910 1059 -969
1087 -995 -910 1059 1169
1087 -995 1134 -871 -834
1087 -995 1134 -871 1058
1087 -995 1134 1058 -895
1087 -995 1134 1058 1079
1087 1172 -820 -843 -849
1087 1172 -820 -843 1065
1087 1172 -820 1111 -919
1087 1172 -820 1111 1066
1087 1172 1162 -825 -866
1087 1172 1162 -825 1170
1087 1172 1162 1039 -868
1087 1172 1162 1039 1193
32
-983 -916 -929 -903 -810
-983 -916 -929 -903 1037
-983 -916 -929 1179 -951
-983 -916 -929 1179 1080
-983 -916 1157 -809 -801
-983 -916 1157 -809 1093
-983 -916 1157 1152 -821
-983 -916 1157 1152 1080
-983 1044 -978 -921 -922
-983 1044 -978 -921 1194
-983 1044 -978 1036 -835
-983 1044 -978 1036 1001
-983 1044 1115 -917 -822
-983 1044 1115 -917 1063
-983 1044 1115 1140 -955
-983 1044 1115 1140 1150
1067 -907 -816 -935 -896
1067 -907 -816 -935 1136
1067 -907 -816 1051 -944
1067 -907 -816 1051 1091
1067 -907 1156 -829 -951
1067 -907 1156 -829 1188
1067 -907 1156 1123 -912
1067 -907 1156 1123 1090
1067 1165 -984 -970 -864
1067 1165 -984 -970 1111
1067 1165 -984 1020 -910
1067 1165 -984 1020 1110
1067 1165 1028 -954 -817
1067 1165 1028 -954 1015
1067 1165 1028 1156 -905
1067 1165 1028 1156 1045
32
-911 -899 -931 -884 -851
-911 -899 -931 -884 1023
-911 -899 -931 1063 -869
-911 -899 -931 1063 1037
-911 -899 1127 -842 -906
-911 -899 1127 -842 1042
-911 -899 1127 1031 -802
-911 -899 1127 1031 1195
-911 1084 -979 -918 -827
-911 1084 -979 -918 1041
-911 1084 -979 1048 -941
-911 1084 -979 1048 1134
-911 1084 1065 -879 -814
-911 1084 1065 -879 1098
-911 1084 1065 1059 -836
-911 1084 1065 1059 1134
1183 -927 -908 -947 -936
1183 -927 -908 -947 1012
1183 -927 -908 1141 -962
1183 -927 -908 1141 1017
1183 -927 1132 -931 -806
1183 -927 1132 -931 1166
1183 -927 1132 1165 -875
1183 -927 1132 1165 1106
1183 1010 -831 -855 -809
1183 1010 -831 -855 1131
1183 1010 -831 1064 -802
1183 1010 -831 1064 1140
1183 1010 1142 -963 -810
1183 1010 1142 -963 1021
1183 1010 1142 1077 -891
1183 1010 1142 1077 1176
32
-837 -832 -975 -871 -955
-837 -832 -975 -871 1122
-837 -832 -975 1096 -929
-837 -832 -975 1096 1100
-837 -832 1189 -992 -967
-837 -832 1189 -992 1198
-837 -832 1189 1046 -877
-837 -832 1189 1046 1099
-837 1027 -929 -831 -828
-837 1027 -929 -831 1019
-837 1027 -929 1023 -906
-837 1027 -929 1023 1101
-837 1027 1172 -843 -828
-837 1027 1172 -843 1183
-837 1027 1172 1133 -880
-837 1027 1172 1133 1140
1131 -981 -874 -959 -967
1131 -981 -874 -959 1000
1131 -981 -874 1050 -996
1131 -981 -874 1050 1001
1131 -981 1144 -935 -844
1131 -981 1144 -935 1048
1131 -981 1144 1169 -939
1131 -981 1144 1169 1188
1131 1078 -829 -882 -948
1131 1078 -829 -882 1041
1131 1078 -829 1026 -981
1131 1078 -829 1026 1155
1131 1078 1185 -897 -960
1131 1078 1185 -897 1197
1131 1078 1185 1169 -904
1131 1078 1185 1169 1068
32
-952 -912 -954 -950 -880
-952 -912 -954 -950 1062
-952 -912 -954 1182 -925
-952 -912 -954 1182 1052
-952 -912 1078 -849 -971
-952 -912 1078 -849 1098
-952 -912 1078 1155 -881
-952 -912 1078 1155 1064
-952 1065 -813 -940 -811
-952 1065 -813 -940 1055
-952 1065 -813 1130 -802
-952 1065 -813 1130 1078
-952 1065 1157 -858 -961
-952 1065 1157 -858 1046
-952 1065 1157 1032 -836
-952 1065 1157 1032 1016
1079 -872 -973 -933 -906
1079 -872 -973 -933 1074
1079 -872 -973 1190 -969
1079 -872 -973 1190 1089
1079 -872 1064 -939 -884
1079 -872 1064 -939 1124
1079 -872 1064 1065 -909
1079 -872 1064 1065 1184
1079 1065 -840 -942 -804
1079 1065 -840 -942 1071
1079 1065 -840 1051 -848
1079 1065 -840 1051 1097
1079 1065 1041 -918 -908
1079 1065 1041 -918 1092
1079 1065 1041 1027 -929
1079 1065 1041 1027 1077
32
-997 -811 -811 -876 -983
-997 -811 -811 -876 1132
-997 -811 -811 1099 -926
-997 -811 -811 1099 1083
-997 -811 1043 -813 -967
-997 -811 1043 -813 1098
-997 -811 1043 1174 -818
-997 -811 1043 1174 1122
-997 1029 -892 -819 -931
-997 1029 -892 -819 1180
-997 1029 -892 1096 -972
-997 1029 -892 1096 1183
-997 1029 1124 -969 -835
-997 1029 1124 -969 1105
-997 1029 1124 1074 -863
-997 1029 1124 1074 1129
1134 -882 -910 -973 -916
1134 -882 -910 -973 1146
1134 -882 -910 1022 -878
1134 -882 -910 1022 1007
1134 -882 1162 -852 -952
1134 -882 1162 -852 1030
1134 -882 1162 1112 -905
1134 -882 1162 1112 1114
1134 1033 -941 -987 -972
1134 1033 -941 -987 1169
1134 1033 -941 1071 -970
1134 1033 -941 1071 1143
1134 1033 1135 -831 -927
1134 1033 1135 -831 1061
1134 1033 1135 1061 -858
1134 1033 1135 1061 1067
32
-901 -984 -915 -885 -846
-901 -984 -915 -885 1048
-901 -984 -915 1042 -948
-901 -984 -915 1042 1085
-901 -984 1178 -894 -930
-901 -984 1178 -894 1160
-901 -984 1178 1034 -903
-901 -984 1178 1034 1039
-901 1190 -853 -818 -894
-901 1190 -853 -818 1122
-901 1190 -853 1140 -907
-901 1190 -853 1140 1020
-901 1190 1000 -814 -957
-901 1190 1000 -814 1185
-901 1190 1000 1053 -969
-901 1190 1000 1053 1109
1069 -917 -895 -979 -978
1069 -917 -895 -979 1185
1069 -917 -895 1061 -901
1069 -917 -895 1061 1101
1069 -917 1171 -810 -899
1069 -917 1171 -810 1131
1069 -917 1171 1029 -956
1069 -917 1171 1029 1125
1069 1070 -978 -857 -874
1069 1070 -978 -857 1085
1069 1070 -978 1128 -946
1069 1070 -978 1128 1008
1069 1070 1192 -951 -882
1069 1070 1192 -951 1154
1069 1070 1192 1187 -926
1069 1070 1192 1187 1186
32
-1000 -900 -971 -914 -803
-1000 -900 -971 -914 1127
-1000 -900 -971 1119 -852
-1000 -900 -971 1119 1164
-1000 -900 1099 -833 -801
-1000 -900 1099 -833 1145
-1000 -900 1099 1174 -971
-1000 -900 1099 1174 1077
-1000 1170 -865 -976 -949
-1000 1170 -865 -976 1019
-1000 1170 -865 1071 -835
-1000 1170 -865 1071 1083
-1000 1170 1134 -935 -991
-1000 1170 1134 -935 1041
-1000 1170 1134 1181 -960
-1000 1170 1134 1181 1164
1078 -821 -934 -970 -893
1078 -821 -934 -970 1030
1078 -821 -934 1101 -868
1078 -821 -934 1101 1191
1078 -821 1108 -978 -883
1078 -821 1108 -978 1051
1078 -821 1108 1069 -940
1078 -821 1108 1069 1031
1078 1149 -996 -801 -980
1078 1149 -996 -801 1013
1078 1149 -996 1122 -862
1078 1149 -996 1122 1122
1078 1149 1044 -879 -960
1078 1149 1044 -879 1161
1078 1149 1044 1088 -850
1078 1149 1044 1088 1042
32
-854 -813 -815 -947 -822
-854 -813 -815 -947 1194
-854 -813 -815 1004 -824
-854 -813 -815 1004 1068
-854 -813 1036 -898 -804
-854 -813 1036 -898 1056
-854 -813 1036 1084 -808
-854 -813 1036 1084 1096
-854 1167 -927 -868 -929
-854 1167 -927 -868 1103
-854 1167 -927 1198 -996
-854 1167 -927 1198 1186
-854 1167 1038 -986 -950
-854 1167 1038 -986 1106
-854 1167 1038 1032 -853
-854 1167 1038 1032 1065
1036 -997 -906 -834 -876
1036 -997 -906 -834 1042
1036 -997 -906 1058 -893
1036 -997 -906 1058 1153
1036 -997 1149 -984 -1000
1036 -997 1149 -984 1126
1036 -997 1149 1138 -938
1036 -997 1149 1138 1046
1036 1095 -928 -900 -824
1036 1095 -928 -900 1077
1036 1095 -928 1192 -868
1036 1095 -928 1192 1058
1036 1095 1197 -891 -885
1036 1095 1197 -891 1012
1036 1095 1197 1016 -995
1036 1095 1197 1016 1015

